100001100111100111
100001100111101101
100001100111111001
100001100111010101
100001011101100111
100001011101101101
100001011101111001
100001011101010101
100001110101100111
100001110101101101
100001110101111001
100001110101010101
100001101001100111
100001101001101101
100001101001111001
100001101001010101
100001011011100111
100001011011101101
100001011011111001
100001011011010101
100001100011100111
100001100011101101
100001100011111001
100001100011010101
100001001011100111
100001001011101101
100001001011111001
100001001011010101
100001101010100111
100001101010101101
100001101010111001
100001101010010101
100001100111011101
100001100111110001
100001100111100101
100001100111110100
100001011101011101
100001011101110001
100001011101100101
100001011101110100
100001110101011101
100001110101110001
100001110101100101
100001110101110100
100001101001011101
100001101001110001
100001101001100101
100001101001110100
100001011011011101
100001011011110001
100001011011100101
100001011011110100
100001100011011101
100001100011110001
100001100011100101
100001100011110100
100001001011011101
100001001011110001
100001001011100101
100001001011110100
100001101010011101
100001101010110001
100001101010100101
100001101010110100
100001100111110101
100001100111011001
100001100111001101
100001100111011100
100001011101110101
100001011101011001
100001011101001101
100001011101011100
100001110101110101
100001110101011001
100001110101001101
100001110101011100
100001101001110101
100001101001011001
100001101001001101
100001101001011100
100001011011110101
100001011011011001
100001011011001101
100001011011011100
100001100011110101
100001100011011001
100001100011001101
100001100011011100
100001001011110101
100001001011011001
100001001011001101
100001001011011100
100001101010110101
100001101010011001
100001101010001101
100001101010011100
100001100111101001
100001100111111000
100001100111101100
100001100111010111
100001011101101001
100001011101111000
100001011101101100
100001011101010111
100001110101101001
100001110101111000
100001110101101100
100001110101010111
100001101001101001
100001101001111000
100001101001101100
100001101001010111
100001011011101001
100001011011111000
100001011011101100
100001011011010111
100001100011101001
100001100011111000
100001100011101100
100001100011010111
100001001011101001
100001001011111000
100001001011101100
100001001011010111
100001101010101001
100001101010111000
100001101010101100
100001101010010111
100001100111011011
100001100111010011
100001100111110011
100001100111010110
100001011101011011
100001011101010011
100001011101110011
100001011101010110
100001110101011011
100001110101010011
100001110101110011
100001110101010110
100001101001011011
100001101001010011
100001101001110011
100001101001010110
100001011011011011
100001011011010011
100001011011110011
100001011011010110
100001100011011011
100001100011010011
100001100011110011
100001100011010110
100001001011011011
100001001011010011
100001001011110011
100001001011010110
100001101010011011
100001101010010011
100001101010110011
100001101010010110
100001100111100011
100001100111110010
100001100111100110
100001100111110110
100001011101100011
100001011101110010
100001011101100110
100001011101110110
100001110101100011
100001110101110010
100001110101100110
100001110101110110
100001101001100011
100001101001110010
100001101001100110
100001101001110110
100001011011100011
100001011011110010
100001011011100110
100001011011110110
100001100011100011
100001100011110010
100001100011100110
100001100011110110
100001001011100011
100001001011110010
100001001011100110
100001001011110110
100001101010100011
100001101010110010
100001101010100110
100001101010110110
100001100111001011
100001100111011010
100001100111001110
100001100111011110
100001011101001011
100001011101011010
100001011101001110
100001011101011110
100001110101001011
100001110101011010
100001110101001110
100001110101011110
100001101001001011
100001101001011010
100001101001001110
100001101001011110
100001011011001011
100001011011011010
100001011011001110
100001011011011110
100001100011001011
100001100011011010
100001100011001110
100001100011011110
100001001011001011
100001001011011010
100001001011001110
100001001011011110
100001101010001011
100001101010011010
100001101010001110
100001101010011110
100001100111101010
100001100111111010
100001100111101110
100001100111101011
100001011101101010
100001011101111010
100001011101101110
100001011101101011
100001110101101010
100001110101111010
100001110101101110
100001110101101011
100001101001101010
100001101001111010
100001101001101110
100001101001101011
100001011011101010
100001011011111010
100001011011101110
100001011011101011
100001100011101010
100001100011111010
100001100011101110
100001100011101011
100001001011101010
100001001011111010
100001001011101110
100001001011101011
100001101010101010
100001101010111010
100001101010101110
100001101010101011
100001101101100111
100001101101101101
100001101101111001
100001101101010101
100001110001100111
100001110001101101
100001110001111001
100001110001010101
100001011001100111
100001011001101101
100001011001111001
100001011001010101
100001111000100111
100001111000101101
100001111000111001
100001111000010101
100001010011100111
100001010011101101
100001010011111001
100001010011010101
100001110010100111
100001110010101101
100001110010111001
100001110010010101
100001011010100111
100001011010101101
100001011010111001
100001011010010101
100001111010100111
100001111010101101
100001111010111001
100001111010010101
100001101101011101
100001101101110001
100001101101100101
100001101101110100
100001110001011101
100001110001110001
100001110001100101
100001110001110100
100001011001011101
100001011001110001
100001011001100101
100001011001110100
100001111000011101
100001111000110001
100001111000100101
100001111000110100
100001010011011101
100001010011110001
100001010011100101
100001010011110100
100001110010011101
100001110010110001
100001110010100101
100001110010110100
100001011010011101
100001011010110001
100001011010100101
100001011010110100
100001111010011101
100001111010110001
100001111010100101
100001111010110100
100001101101110101
100001101101011001
100001101101001101
100001101101011100
100001110001110101
100001110001011001
100001110001001101
100001110001011100
100001011001110101
100001011001011001
100001011001001101
100001011001011100
100001111000110101
100001111000011001
100001111000001101
100001111000011100
100001010011110101
100001010011011001
100001010011001101
100001010011011100
100001110010110101
100001110010011001
100001110010001101
100001110010011100
100001011010110101
100001011010011001
100001011010001101
100001011010011100
100001111010110101
100001111010011001
100001111010001101
100001111010011100
100001101101101001
100001101101111000
100001101101101100
100001101101010111
100001110001101001
100001110001111000
100001110001101100
100001110001010111
100001011001101001
100001011001111000
100001011001101100
100001011001010111
100001111000101001
100001111000111000
100001111000101100
100001111000010111
100001010011101001
100001010011111000
100001010011101100
100001010011010111
100001110010101001
100001110010111000
100001110010101100
100001110010010111
100001011010101001
100001011010111000
100001011010101100
100001011010010111
100001111010101001
100001111010111000
100001111010101100
100001111010010111
100001101101011011
100001101101010011
100001101101110011
100001101101010110
100001110001011011
100001110001010011
100001110001110011
100001110001010110
100001011001011011
100001011001010011
100001011001110011
100001011001010110
100001111000011011
100001111000010011
100001111000110011
100001111000010110
100001010011011011
100001010011010011
100001010011110011
100001010011010110
100001110010011011
100001110010010011
100001110010110011
100001110010010110
100001011010011011
100001011010010011
100001011010110011
100001011010010110
100001111010011011
100001111010010011
100001111010110011
100001111010010110
100001101101100011
100001101101110010
100001101101100110
100001101101110110
100001110001100011
100001110001110010
100001110001100110
100001110001110110
100001011001100011
100001011001110010
100001011001100110
100001011001110110
100001111000100011
100001111000110010
100001111000100110
100001111000110110
100001010011100011
100001010011110010
100001010011100110
100001010011110110
100001110010100011
100001110010110010
100001110010100110
100001110010110110
100001011010100011
100001011010110010
100001011010100110
100001011010110110
100001111010100011
100001111010110010
100001111010100110
100001111010110110
100001101101001011
100001101101011010
100001101101001110
100001101101011110
100001110001001011
100001110001011010
100001110001001110
100001110001011110
100001011001001011
100001011001011010
100001011001001110
100001011001011110
100001111000001011
100001111000011010
100001111000001110
100001111000011110
100001010011001011
100001010011011010
100001010011001110
100001010011011110
100001110010001011
100001110010011010
100001110010001110
100001110010011110
100001011010001011
100001011010011010
100001011010001110
100001011010011110
100001111010001011
100001111010011010
100001111010001110
100001111010011110
100001101101101010
100001101101111010
100001101101101110
100001101101101011
100001110001101010
100001110001111010
100001110001101110
100001110001101011
100001011001101010
100001011001111010
100001011001101110
100001011001101011
100001111000101010
100001111000111010
100001111000101110
100001111000101011
100001010011101010
100001010011111010
100001010011101110
100001010011101011
100001110010101010
100001110010111010
100001110010101110
100001110010101011
100001011010101010
100001011010111010
100001011010101110
100001011010101011
100001111010101010
100001111010111010
100001111010101110
100001111010101011
100001111001100111
100001111001101101
100001111001111001
100001111001010101
100001100101100111
100001100101101101
100001100101111001
100001100101010101
100001001101100111
100001001101101101
100001001101111001
100001001101010101
100001101100100111
100001101100101101
100001101100111001
100001101100010101
100001110011100111
100001110011101101
100001110011111001
100001110011010101
100001100110100111
100001100110101101
100001100110111001
100001100110010101
100001001110100111
100001001110101101
100001001110111001
100001001110010101
100001101110100111
100001101110101101
100001101110111001
100001101110010101
100001111001011101
100001111001110001
100001111001100101
100001111001110100
100001100101011101
100001100101110001
100001100101100101
100001100101110100
100001001101011101
100001001101110001
100001001101100101
100001001101110100
100001101100011101
100001101100110001
100001101100100101
100001101100110100
100001110011011101
100001110011110001
100001110011100101
100001110011110100
100001100110011101
100001100110110001
100001100110100101
100001100110110100
100001001110011101
100001001110110001
100001001110100101
100001001110110100
100001101110011101
100001101110110001
100001101110100101
100001101110110100
100001111001110101
100001111001011001
100001111001001101
100001111001011100
100001100101110101
100001100101011001
100001100101001101
100001100101011100
100001001101110101
100001001101011001
100001001101001101
100001001101011100
100001101100110101
100001101100011001
100001101100001101
100001101100011100
100001110011110101
100001110011011001
100001110011001101
100001110011011100
100001100110110101
100001100110011001
100001100110001101
100001100110011100
100001001110110101
100001001110011001
100001001110001101
100001001110011100
100001101110110101
100001101110011001
100001101110001101
100001101110011100
100001111001101001
100001111001111000
100001111001101100
100001111001010111
100001100101101001
100001100101111000
100001100101101100
100001100101010111
100001001101101001
100001001101111000
100001001101101100
100001001101010111
100001101100101001
100001101100111000
100001101100101100
100001101100010111
100001110011101001
100001110011111000
100001110011101100
100001110011010111
100001100110101001
100001100110111000
100001100110101100
100001100110010111
100001001110101001
100001001110111000
100001001110101100
100001001110010111
100001101110101001
100001101110111000
100001101110101100
100001101110010111
100001111001011011
100001111001010011
100001111001110011
100001111001010110
100001100101011011
100001100101010011
100001100101110011
100001100101010110
100001001101011011
100001001101010011
100001001101110011
100001001101010110
100001101100011011
100001101100010011
100001101100110011
100001101100010110
100001110011011011
100001110011010011
100001110011110011
100001110011010110
100001100110011011
100001100110010011
100001100110110011
100001100110010110
100001001110011011
100001001110010011
100001001110110011
100001001110010110
100001101110011011
100001101110010011
100001101110110011
100001101110010110
100001111001100011
100001111001110010
100001111001100110
100001111001110110
100001100101100011
100001100101110010
100001100101100110
100001100101110110
100001001101100011
100001001101110010
100001001101100110
100001001101110110
100001101100100011
100001101100110010
100001101100100110
100001101100110110
100001110011100011
100001110011110010
100001110011100110
100001110011110110
100001100110100011
100001100110110010
100001100110100110
100001100110110110
100001001110100011
100001001110110010
100001001110100110
100001001110110110
100001101110100011
100001101110110010
100001101110100110
100001101110110110
100001111001001011
100001111001011010
100001111001001110
100001111001011110
100001100101001011
100001100101011010
100001100101001110
100001100101011110
100001001101001011
100001001101011010
100001001101001110
100001001101011110
100001101100001011
100001101100011010
100001101100001110
100001101100011110
100001110011001011
100001110011011010
100001110011001110
100001110011011110
100001100110001011
100001100110011010
100001100110001110
100001100110011110
100001001110001011
100001001110011010
100001001110001110
100001001110011110
100001101110001011
100001101110011010
100001101110001110
100001101110011110
100001111001101010
100001111001111010
100001111001101110
100001111001101011
100001100101101010
100001100101111010
100001100101101110
100001100101101011
100001001101101010
100001001101111010
100001001101101110
100001001101101011
100001101100101010
100001101100111010
100001101100101110
100001101100101011
100001110011101010
100001110011111010
100001110011101110
100001110011101011
100001100110101010
100001100110111010
100001100110101110
100001100110101011
100001001110101010
100001001110111010
100001001110101110
100001001110101011
100001101110101010
100001101110111010
100001101110101110
100001101110101011
100001010101100111
100001010101101101
100001010101111001
100001010101010101
100001110100100111
100001110100101101
100001110100111001
100001110100010101
100001011100100111
100001011100101101
100001011100111001
100001011100010101
100001010111100111
100001010111101101
100001010111111001
100001010111010101
100001010110100111
100001010110101101
100001010110111001
100001010110010101
100001110110100111
100001110110101101
100001110110111001
100001110110010101
100001011110100111
100001011110101101
100001011110111001
100001011110010101
100001101011100111
100001101011101101
100001101011111001
100001101011010101
100001010101011101
100001010101110001
100001010101100101
100001010101110100
100001110100011101
100001110100110001
100001110100100101
100001110100110100
100001011100011101
100001011100110001
100001011100100101
100001011100110100
100001010111011101
100001010111110001
100001010111100101
100001010111110100
100001010110011101
100001010110110001
100001010110100101
100001010110110100
100001110110011101
100001110110110001
100001110110100101
100001110110110100
100001011110011101
100001011110110001
100001011110100101
100001011110110100
100001101011011101
100001101011110001
100001101011100101
100001101011110100
100001010101110101
100001010101011001
100001010101001101
100001010101011100
100001110100110101
100001110100011001
100001110100001101
100001110100011100
100001011100110101
100001011100011001
100001011100001101
100001011100011100
100001010111110101
100001010111011001
100001010111001101
100001010111011100
100001010110110101
100001010110011001
100001010110001101
100001010110011100
100001110110110101
100001110110011001
100001110110001101
100001110110011100
100001011110110101
100001011110011001
100001011110001101
100001011110011100
100001101011110101
100001101011011001
100001101011001101
100001101011011100
100001010101101001
100001010101111000
100001010101101100
100001010101010111
100001110100101001
100001110100111000
100001110100101100
100001110100010111
100001011100101001
100001011100111000
100001011100101100
100001011100010111
100001010111101001
100001010111111000
100001010111101100
100001010111010111
100001010110101001
100001010110111000
100001010110101100
100001010110010111
100001110110101001
100001110110111000
100001110110101100
100001110110010111
100001011110101001
100001011110111000
100001011110101100
100001011110010111
100001101011101001
100001101011111000
100001101011101100
100001101011010111
100001010101011011
100001010101010011
100001010101110011
100001010101010110
100001110100011011
100001110100010011
100001110100110011
100001110100010110
100001011100011011
100001011100010011
100001011100110011
100001011100010110
100001010111011011
100001010111010011
100001010111110011
100001010111010110
100001010110011011
100001010110010011
100001010110110011
100001010110010110
100001110110011011
100001110110010011
100001110110110011
100001110110010110
100001011110011011
100001011110010011
100001011110110011
100001011110010110
100001101011011011
100001101011010011
100001101011110011
100001101011010110
100001010101100011
100001010101110010
100001010101100110
100001010101110110
100001110100100011
100001110100110010
100001110100100110
100001110100110110
100001011100100011
100001011100110010
100001011100100110
100001011100110110
100001010111100011
100001010111110010
100001010111100110
100001010111110110
100001010110100011
100001010110110010
100001010110100110
100001010110110110
100001110110100011
100001110110110010
100001110110100110
100001110110110110
100001011110100011
100001011110110010
100001011110100110
100001011110110110
100001101011100011
100001101011110010
100001101011100110
100001101011110110
100001010101001011
100001010101011010
100001010101001110
100001010101011110
100001110100001011
100001110100011010
100001110100001110
100001110100011110
100001011100001011
100001011100011010
100001011100001110
100001011100011110
100001010111001011
100001010111011010
100001010111001110
100001010111011110
100001010110001011
100001010110011010
100001010110001110
100001010110011110
100001110110001011
100001110110011010
100001110110001110
100001110110011110
100001011110001011
100001011110011010
100001011110001110
100001011110011110
100001101011001011
100001101011011010
100001101011001110
100001101011011110
100001010101101010
100001010101111010
100001010101101110
100001010101101011
100001110100101010
100001110100111010
100001110100101110
100001110100101011
100001011100101010
100001011100111010
100001011100101110
100001011100101011
100001010111101010
100001010111111010
100001010111101110
100001010111101011
100001010110101010
100001010110111010
100001010110101110
100001010110101011
100001110110101010
100001110110111010
100001110110101110
100001110110101011
100001011110101010
100001011110111010
100001011110101110
100001011110101011
100001101011101010
100001101011111010
100001101011101110
100001101011101011
