Screen size is X = 1920, Y = 1080
Screen size is X = 1366, Y = 768
0
Status: Using GLEW 2.1.0
OK, we can use WGL_EXT_swap_control
0.000192633
0.99923
0.0017328
0.996921
0.0048084
0.993081
0.00940994
0.987721
0.0155232
0.980859
0.0231295
0.972515
0.0322052
0.962714
0.0427225
0.951488
0.0546488
0.938871
0.0679475
0.924901
0.0825777
0.909622
0.0984941
0.893081
0.115648
0.875328
0.133986
0.856419
0.153452
0.836411
0.173986
0.815367
0.195524
0.793351
0.218001
0.770431
0.241346
0.746677
0.265489
0.722164
0.290355
0.696966
0.315866
0.671161
0.341945
0.644828
0.368511
0.618049
0.395482
0.590907
0.422775
0.563484
0.450306
0.535866
0.47799
0.508137
0.505742
0.480383
0.533477
0.452689
0.561108
0.425142
0.588551
0.397825
0.615721
0.370823
0.642534
0.344219
0.668909
0.318094
0.694762
0.292531
0.720016
0.267607
0.744591
0.243399
0.768413
0.219981
0.791408
0.197427
0.813505
0.175805
0.834636
0.155182
0.854735
0.135621
0.873741
0.117184
0.891596
0.0999258
0.908244
0.0839007
0.923634
0.0691578
0.937718
0.0557425
0.950454
0.0436963
0.961802
0.0330561
0.971726
0.0238549
0.980197
0.0161209
0.987188
0.00987797
0.992678
0.00514539
0.99665
0.00193771
0.999091
0.000264832
0.999994
0.000131898
0.999357
0.00153932
0.997181
0.00448276
0.993472
0.00895316
0.988243
0.0149367
0.98151
0.022415
0.973292
0.031365
0.963617
0.0417591
0.952512
0.0535653
0.940013
0.0667472
0.926158
0.0812642
0.910991
0.0970715
0.894556
0.11412
0.876906
0.132358
0.858094
0.151729
0.838179
0.172174
0.817221
0.193628
0.795287
0.216026
0.772442
0.2393
0.748757
0.263377
0.724307
0.288183
0.699164
0.313642
0.673409
0.339675
0.647118
0.366202
0.620375
0.393141
0.59326
0.42041
0.565859
0.447924
0.538254
0.475598
0.510531
0.503348
0.482776
0.531087
0.455074
0.55873
0.42751
0.586193
0.40017
0.61339
0.373137
0.640237
0.346496
0.666653
0.320327
0.692555
0.294712
0.717863
0.26973
0.7425
0.245457
0.76639
0.221969
0.789459
0.199337
0.811636
0.177632
0.832852
0.15692
0.853043
0.137265
0.872146
0.118729
0.890103
0.101367
0.906857
0.0852333
0.922357
0.0703779
0.936556
0.0568464
0.94941
0.0446806
0.960878
0.0339178
0.970927
0.0245912
0.979524
0.0167296
0.986644
0.0103573
0.992264
0.00549373
0.996367
0.00215405
0.998941
0.000348496
0.999977
8.26294e-05
0.999472
0.00135727
0.997429
0.0041685
0.993852
0.00850764
0.988754
0.0143613
0.982149
0.0217115
0.974059
0.0305356
0.964508
0.0408063
0.953526
0.0524921
0.941146
0.0655568
0.927406
0.0799603
0.91235
0.0956582
0.896022
0.112602
0.878475
0.13074
0.859761
0.150015
0.839939
0.170369
0.819069
0.191739
0.797216
0.214059
0.774447
0.237259
0.750832
0.26127
0.726444
0.286016
0.701359
0.311422
0.675653
0.337408
0.649406
0.363896
0.622698
0.390803
0.595612
0.418047
0.568232
0.445543
0.540641
0.473207
0.512925
0.500953
0.48517
0.528697
0.45746
0.556352
0.429881
0.583833
0.402518
0.611056
0.375455
0.637937
0.348777
0.664393
0.322564
0.690342
0.296898
0.715705
0.271858
0.740403
0.247521
0.76436
0.223962
0.787503
0.201254
0.809759
0.179466
0.831062
0.158666
0.851343
0.138918
0.870543
0.120282
0.8886
0.102817
0.90546
0.0865754
0.921071
0.0716079
0.935384
0.0579605
0.948355
0.0456753
0.959945
0.0347901
0.970117
0.0253384
0.978841
0.0173494
0.986089
0.0108478
0.991839
0.00585342
0.996074
0.00238181
0.998779
0.00044362
0.999948
4.48286e-05
0.999577
0.00118666
0.997666
0.0038656
0.994221
0.0080734
0.989253
0.0137971
0.982778
0.021019
0.974815
0.0297169
0.965389
0.039864
0.954529
0.0514291
0.942268
0.0643764
0.928644
0.0786661
0.913699
0.0942541
0.89748
0.111093
0.880036
0.129129
0.86142
0.148309
0.841691
0.168572
0.820909
0.189857
0.799138
0.212097
0.776445
0.235225
0.752901
0.259169
0.728577
0.283854
0.703548
0.309206
0.677893
0.335146
0.651689
0.361593
0.625018
0.388467
0.597962
0.415685
0.570603
0.443163
0.543027
0.470816
0.515319
0.498558
0.487563
0.526305
0.459846
0.553972
0.432252
0.581471
0.404868
0.60872
0.377776
0.635634
0.351061
0.66213
0.324805
0.688126
0.299089
0.713542
0.273992
0.738301
0.249591
0.762325
0.225962
0.78554
0.203177
0.807876
0.181308
0.829263
0.16042
0.849636
0.140578
0.868931
0.121845
0.887089
0.104276
0.904054
0.087927
0.919774
0.0728477
0.934201
0.0590847
0.94729
0.0466804
0.959
0.0356731
0.969296
0.0260965
0.978146
0.0179803
0.985522
0.0113495
0.991402
0.00622445
0.995768
0.00262098
0.998607
0.000550204
0.999908
1.84962e-05
0.99967
0.00102749
0.997891
0.00357409
0.994578
0.00765044
0.989741
0.013244
0.983396
0.0203375
0.97556
0.028909
0.966259
0.0389323
0.955521
0.0503764
0.94338
0.0632059
0.929872
0.0773815
0.915039
0.0928594
0.898928
0.109592
0.881587
0.127527
0.863071
0.146611
0.843435
0.166783
0.822742
0.187982
0.801053
0.210143
0.778437
0.233197
0.754964
0.257073
0.730704
0.281697
0.705733
0.306995
0.680129
0.332887
0.653969
0.359294
0.627335
0.386134
0.600309
0.413326
0.572973
0.440784
0.545413
0.468425
0.517712
0.496164
0.489957
0.523914
0.462233
0.55159
0.434626
0.579108
0.40722
0.606381
0.380099
0.633327
0.353349
0.659862
0.32705
0.685905
0.301284
0.711374
0.27613
0.736193
0.251667
0.760283
0.227968
0.783571
0.205108
0.805986
0.183156
0.827457
0.162181
0.84792
0.142247
0.86731
0.123416
0.885569
0.105744
0.902639
0.089288
0.918469
0.0740973
0.933009
0.0602191
0.946214
0.047696
0.958045
0.0365667
0.968464
0.0268655
0.97744
0.0186223
0.984944
0.0118624
0.990955
0.00660679
0.995452
0.00287156
0.998422
0.000668245
0.999857
3.63283e-06
0.999751
0.000879773
0.998105
0.00329397
0.994924
0.00723877
0.990218
0.012702
0.984002
0.0196669
0.976294
0.028112
0.967118
0.0380112
0.956503
0.049334
0.944482
0.0620455
0.93109
0.0761066
0.91637
0.091474
0.900367
0.1081
0.88313
0.125934
0.864713
0.144921
0.845172
0.165002
0.824567
0.186115
0.802962
0.208195
0.780423
0.231174
0.757021
0.254982
0.732826
0.279545
0.707914
0.304788
0.682361
0.330631
0.656246
0.356997
0.629649
0.383804
0.602654
0.410968
0.575341
0.438407
0.547797
0.466036
0.520105
0.493769
0.492352
0.521521
0.464622
0.549208
0.437001
0.576742
0.409574
0.60404
0.382426
0.631018
0.35564
0.657591
0.329299
0.68368
0.303484
0.709202
0.278274
0.734079
0.253748
0.758235
0.229981
0.781596
0.207045
0.804088
0.185013
0.825644
0.163951
0.846196
0.143924
0.865681
0.124995
0.88404
0.107222
0.901214
0.0906585
0.917153
0.0753567
0.931806
0.0613635
0.945129
0.0487219
0.95708
0.037471
0.967622
0.0276453
0.976723
0.0192753
0.984356
0.0123866
0.990495
0.00700046
0.995124
0.00313355
0.998226
0.00079774
0.999794
2.38861e-07
0.999821
0.000743501
0.998308
0.00302524
0.995259
0.00683841
0.990684
0.0121713
0.984597
0.0190074
0.977017
0.0273257
0.967967
0.0371006
0.957475
0.0483019
0.945573
0.0608951
0.932298
0.0748415
0.917691
0.090098
0.901797
0.106618
0.884665
0.124349
0.866347
0.143239
0.8469
0.163228
0.826385
0.184254
0.804864
0.206254
0.782403
0.229158
0.759072
0.252898
0.734942
0.277398
0.710089
0.302585
0.684588
0.32838
0.658519
0.354704
0.631961
0.381476
0.604996
0.408613
0.577708
0.436031
0.55018
0.463647
0.522498
0.491374
0.494746
0.519129
0.467011
0.546824
0.439377
0.574375
0.41193
0.601697
0.384755
0.628705
0.357934
0.655317
0.331551
0.68145
0.305688
0.707024
0.280423
0.73196
0.255835
0.756182
0.231999
0.779614
0.208989
0.802184
0.186876
0.823823
0.165728
0.844464
0.14561
0.864044
0.126583
0.882502
0.108708
0.899781
0.0920384
0.915828
0.0766258
0.930594
0.062518
0.944033
0.0497582
0.956104
0.0383859
0.966769
0.028436
0.975996
0.0199393
0.983756
0.0129219
0.990025
0.00740544
0.994784
0.00340693
0.998019
0.000938686
0.999719
8.31435e-06
0.999879
0.00061868
0.998499
0.0027679
0.995582
0.00644936
0.991139
0.0116517
0.985182
0.0183589
0.977729
0.0265503
0.968805
0.0362007
0.958436
0.0472802
0.946655
0.0597548
0.933497
0.0735861
0.919003
0.0887314
0.903218
0.105144
0.88619
0.122773
0.867973
0.141565
0.848621
0.161461
0.828195
0.182401
0.806758
0.204319
0.784376
0.227149
0.761117
0.250819
0.737054
0.275257
0.71226
0.300387
0.686812
0.326133
0.660788
0.352414
0.634269
0.379151
0.607336
0.406259
0.580073
0.433657
0.552562
0.461259
0.52489
0.48898
0.497141
0.516736
0.469401
0.544439
0.441755
0.572006
0.414288
0.599351
0.387086
0.62639
0.360232
0.653039
0.333808
0.679217
0.307897
0.704842
0.282577
0.729836
0.257927
0.754122
0.234024
0.777625
0.21094
0.800272
0.188747
0.821994
0.167513
0.842724
0.147303
0.862398
0.12818
0.880955
0.110203
0.898338
0.0934276
0.914494
0.0779047
0.929372
0.0636825
0.942927
0.0508048
0.955117
0.0393113
0.965905
0.0292375
0.975257
0.0206143
0.983145
0.0134684
0.989544
0.00782171
0.994434
0.0036917
0.9978
0.00109108
0.999633
2.78591e-05
0.999926
0.000505316
0.998678
0.00252198
0.995894
0.00607163
0.991582
0.0111433
0.985755
0.0177215
0.978431
0.0257858
0.969632
0.0353114
0.959387
0.0462689
0.947726
0.0586246
0.934685
0.0723405
0.920305
0.0873742
0.904629
0.103679
0.887707
0.121206
0.86959
0.1399
0.850334
0.159703
0.829998
0.180555
0.808646
0.202391
0.786342
0.225145
0.763156
0.248745
0.739159
0.27312
0.714426
0.298194
0.689031
0.32389
0.663054
0.350128
0.636574
0.376828
0.609674
0.403908
0.582436
0.431284
0.554943
0.458872
0.527281
0.486586
0.499536
0.514342
0.471791
0.542054
0.444134
0.569635
0.416649
0.597003
0.38942
0.624071
0.362533
0.650757
0.336069
0.676979
0.31011
0.702655
0.284736
0.727707
0.260026
0.752057
0.236055
0.77563
0.212897
0.798354
0.190624
0.820159
0.169305
0.840977
0.149004
0.860744
0.129786
0.8794
0.111708
0.896886
0.0948261
0.91315
0.0791932
0.92814
0.064857
0.941811
0.0518617
0.95412
0.0402474
0.965031
0.0300498
0.974508
0.0213003
0.982523
0.014026
0.989051
0.00824928
0.994072
0.00398786
0.99757
0.00125492
0.999536
5.88727e-05
0.999961
0.000403409
0.998847
0.00228747
0.996195
0.00570524
0.992014
0.0106462
0.986317
0.0170951
0.979121
0.0250321
0.970449
0.0344327
0.960327
0.045268
0.948787
0.0575046
0.935863
0.0711047
0.921597
0.0860264
0.906031
0.102224
0.889214
0.119647
0.871198
0.138242
0.852038
0.157952
0.831793
0.178716
0.810526
0.200471
0.788302
0.223148
0.765189
0.246678
0.74126
0.270989
0.716586
0.296005
0.691246
0.32165
0.665316
0.347845
0.638876
0.374509
0.612009
0.401559
0.584797
0.428913
0.557323
0.456486
0.529672
0.484193
0.50193
0.511948
0.474183
0.539667
0.446514
0.567263
0.419011
0.594653
0.391757
0.62175
0.364837
0.648472
0.338333
0.674737
0.312327
0.700464
0.2869
0.725572
0.262129
0.749986
0.238092
0.773629
0.214861
0.796429
0.192509
0.818316
0.171105
0.839221
0.150714
0.859082
0.131399
0.877835
0.113221
0.895425
0.0962339
0.911796
0.0804914
0.926898
0.0660415
0.940685
0.0529289
0.953113
0.041194
0.964145
0.0308728
0.973747
0.0219974
0.98189
0.0145948
0.988547
0.00868813
0.993698
0.0042954
0.997329
0.0014302
0.999427
0.000101354
0.999985
0.000312962
0.999004
0.00206437
0.996484
0.00535018
0.992434
0.0101603
0.986868
0.0164798
0.9798
0.0242893
0.971255
0.0335648
0.961257
0.0442775
0.949837
0.0563946
0.937032
0.0698787
0.922879
0.0846882
0.907424
0.100778
0.890713
0.118097
0.872798
0.136593
0.853735
0.15621
0.833581
0.176885
0.8124
0.198556
0.790255
0.221157
0.767217
0.244616
0.743354
0.268863
0.718742
0.293821
0.693456
0.319415
0.667574
0.345566
0.641175
0.372192
0.614342
0.399213
0.587156
0.426543
0.559701
0.454101
0.532063
0.481799
0.504325
0.509554
0.476574
0.537279
0.448896
0.56489
0.421375
0.5923
0.394096
0.619426
0.367144
0.646184
0.340601
0.672492
0.314549
0.698268
0.289069
0.723433
0.264238
0.747909
0.240135
0.771622
0.216831
0.794497
0.194401
0.816465
0.172912
0.837458
0.152431
0.857411
0.133022
0.876263
0.114743
0.893955
0.097651
0.910433
0.0817991
0.925646
0.067236
0.939548
0.0540063
0.952095
0.0421511
0.96325
0.0317067
0.972976
0.0227053
0.981245
0.0151748
0.988032
0.00913824
0.993314
0.00461431
0.997076
0.00161691
0.999306
0.000155303
0.999998
0.000233978
0.999149
0.00185269
0.996762
0.00500647
0.992844
0.00968558
0.987407
0.0158756
0.980469
0.0235575
0.972049
0.0327075
0.962176
0.0432975
0.950878
0.0552949
0.93819
0.0686626
0.924152
0.0833595
0.908808
0.0993403
0.892203
0.116556
0.87439
0.134953
0.855423
0.154475
0.835361
0.175061
0.814266
0.196649
0.792202
0.219172
0.769237
0.24256
0.745444
0.266742
0.720893
0.291642
0.695662
0.317184
0.669828
0.34329
0.643471
0.369879
0.616672
0.396868
0.589513
0.424175
0.562078
0.451716
0.534452
0.479406
0.50672
0.507159
0.478967
0.534891
0.451279
0.562514
0.423741
0.589945
0.396438
0.617099
0.369454
0.643892
0.342872
0.670242
0.316775
0.696067
0.291242
0.721288
0.266353
0.745827
0.242183
0.769608
0.218808
0.792559
0.1963
0.814608
0.174727
0.835687
0.154157
0.855732
0.134652
0.874681
0.116274
0.892476
0.0990774
0.909061
0.0831165
0.924385
0.0684403
0.938402
0.055094
0.951067
0.0431187
0.962343
0.0325512
0.972194
0.0234242
0.98059
0.0157658
0.987505
0.00959962
0.992918
0.00494458
0.996812
0.00181506
0.999174
0.000220718
0.999999
0.000166457
0.999283
0.00165245
0.997028
0.00467411
0.993242
0.00922213
0.987936
0.0152825
0.981126
0.0228365
0.972833
0.031861
0.963084
0.042328
0.951907
0.0542053
0.939338
0.0674564
0.925416
0.0820404
0.910182
0.0979123
0.893684
0.115023
0.875973
0.133321
0.857103
0.152748
0.837133
0.173245
0.816125
0.194749
0.794142
0.217194
0.771252
0.24051
0.747527
0.264626
0.723039
0.289468
0.697864
0.314958
0.672079
0.341018
0.645763
0.367568
0.618999
0.394526
0.591868
0.421809
0.564453
0.449333
0.536841
0.477014
0.509114
0.504765
0.48136
0.532501
0.453663
0.560138
0.426108
0.587589
0.398782
0.61477
0.371767
0.641597
0.345148
0.667988
0.319005
0.693862
0.293421
0.719138
0.268473
0.743738
0.244238
0.767588
0.220792
0.790613
0.198206
0.812743
0.17655
0.833909
0.15589
0.854045
0.136291
0.873091
0.117813
0.890988
0.100513
0.907679
0.0844435
0.923114
0.0696546
0.937245
0.0561919
0.950029
0.0440968
0.961426
0.0334065
0.971401
0.0241541
0.979924
0.016368
0.986967
0.0100722
0.992511
0.0052862
0.996536
0.00202464
0.999031
0.000297597
0.999989
0.000110403
0.999405
0.00146363
0.997283
0.00435311
0.993629
0.00876995
0.988453
0.0147005
0.981772
0.0221266
0.973607
0.0310252
0.963982
0.0413689
0.952927
0.053126
0.940477
0.0662601
0.926669
0.0807308
0.911546
0.0964935
0.895156
0.1135
0.877547
0.131697
0.858775
0.151029
0.838898
0.171436
0.817976
0.192856
0.796075
0.215222
0.773261
0.238466
0.749605
0.262516
0.72518
0.287298
0.700061
0.312735
0.674325
0.338749
0.648052
0.36526
0.621323
0.392186
0.594221
0.419445
0.566827
0.446952
0.539228
0.474622
0.511508
0.50237
0.483753
0.530111
0.456048
0.55776
0.428478
0.58523
0.401128
0.612438
0.374083
0.639299
0.347426
0.665731
0.32124
0.691652
0.295604
0.716983
0.270598
0.741645
0.246299
0.765562
0.222782
0.788661
0.200118
0.810871
0.17838
0.832122
0.157632
0.85235
0.137939
0.871493
0.119362
0.88949
0.101958
0.906288
0.08578
0.921833
0.0708788
0.936079
0.0573
0.94898
0.0450853
0.960498
0.0342725
0.970598
0.0248949
0.979247
0.0169813
0.986419
0.0105561
0.992092
0.00563918
0.996249
0.00224564
0.998876
0.000385939
0.999967
6.58149e-05
0.999516
0.00128625
0.997527
0.00404349
0.994004
0.00832903
0.988959
0.0141297
0.982407
0.0214275
0.974369
0.0302001
0.964869
0.0404204
0.953936
0.0520569
0.941605
0.0650738
0.927913
0.0794309
0.912902
0.095084
0.896618
0.111985
0.879113
0.130081
0.860439
0.149318
0.840655
0.169635
0.819821
0.19097
0.798001
0.213257
0.775263
0.236428
0.751677
0.260412
0.727315
0.285133
0.702253
0.310517
0.676568
0.336484
0.650338
0.362956
0.623645
0.389849
0.596571
0.417082
0.5692
0.444571
0.541615
0.472231
0.513902
0.499976
0.486147
0.527721
0.458434
0.55538
0.430849
0.582869
0.403477
0.610103
0.376402
0.636997
0.349709
0.66347
0.323478
0.689438
0.297792
0.714823
0.272728
0.739545
0.248365
0.76353
0.224778
0.786703
0.202038
0.808992
0.180217
0.830328
0.159381
0.850647
0.139595
0.869886
0.120919
0.887984
0.103411
0.904887
0.0871259
0.920543
0.0721128
0.934902
0.0584182
0.947921
0.0460843
0.95956
0.0351492
0.969783
0.0256465
0.978558
0.0176056
0.985859
0.0110512
0.991662
0.0060035
0.99595
0.00247805
0.99871
0.000485741
0.999933
3.26951e-05
0.999616
0.00112031
0.997759
0.00374524
0.994368
0.00789939
0.989454
0.01357
0.983031
0.0207395
0.97512
0.0293859
0.965745
0.0394824
0.954935
0.0509981
0.942723
0.0638974
0.929146
0.0781406
0.914247
0.0936837
0.898072
0.110479
0.88067
0.128474
0.862095
0.147615
0.842404
0.167841
0.821658
0.189091
0.799921
0.211299
0.777259
0.234396
0.753743
0.258312
0.729446
0.282973
0.704441
0.308303
0.678806
0.334223
0.65262
0.360654
0.625964
0.387515
0.59892
0.414722
0.571571
0.442192
0.544001
0.46984
0.516296
0.497581
0.488541
0.525329
0.46082
0.553
0.433221
0.580507
0.405827
0.607766
0.378724
0.634693
0.351994
0.661205
0.325721
0.68722
0.299984
0.712658
0.274864
0.737441
0.250438
0.761492
0.22678
0.784737
0.203965
0.807105
0.182061
0.828527
0.161138
0.848936
0.141259
0.86827
0.122485
0.886469
0.104874
0.903478
0.0884814
0.919243
0.0733566
0.933716
0.0595465
0.946852
0.0470937
0.958612
0.0360365
0.968958
0.0264091
0.977859
0.018241
0.985288
0.0115575
0.991221
0.00637914
0.99564
0.00272188
0.998533
0.000597002
0.999889
1.1044e-05
0.999704
0.000965816
0.99798
0.00345838
0.994721
0.00748104
0.989938
0.0130214
0.983644
0.0200624
0.975861
0.0285824
0.966611
0.038555
0.955923
0.0499496
0.943831
0.0627311
0.93037
0.07686
0.915584
0.0922928
0.899517
0.108982
0.882218
0.126876
0.863742
0.14592
0.844145
0.166055
0.823488
0.187219
0.801833
0.209347
0.779249
0.232371
0.755804
0.256219
0.731571
0.280818
0.706624
0.306093
0.68104
0.331966
0.654899
0.358356
0.62828
0.385183
0.601266
0.412363
0.57394
0.439814
0.546386
0.46745
0.518689
0.495186
0.490935
0.522937
0.463208
0.550618
0.435595
0.578142
0.40818
0.605426
0.381049
0.632385
0.354283
0.658936
0.327967
0.684997
0.302181
0.710488
0.277005
0.735331
0.252515
0.759448
0.228789
0.782766
0.205898
0.805212
0.183913
0.826718
0.162903
0.847217
0.142931
0.866646
0.124059
0.884946
0.106346
0.902059
0.0898463
0.917933
0.0746102
0.932519
0.060685
0.945773
0.0481135
0.957652
0.0369345
0.968122
0.0271825
0.977149
0.0188875
0.984705
0.012075
0.990769
0.00676611
0.995319
0.00297712
0.998344
0.000719719
0.999832
8.6217e-07
0.999781
0.000822767
0.998189
0.0031829
0.995062
0.00707399
0.99041
0.012484
0.984246
0.0193964
0.976591
0.0277897
0.967466
0.0376382
0.956901
0.0489115
0.944928
0.0615747
0.931584
0.0755891
0.91691
0.0909112
0.900952
0.107494
0.883758
0.125286
0.865381
0.144233
0.845878
0.164277
0.82531
0.185354
0.803739
0.207402
0.781232
0.230351
0.757859
0.254131
0.73369
0.278668
0.708802
0.303888
0.68327
0.329712
0.657174
0.356061
0.630593
0.382853
0.60361
0.410006
0.576308
0.437437
0.54877
0.465061
0.521082
0.492792
0.493329
0.520545
0.465597
0.548235
0.437971
0.575776
0.410535
0.603084
0.383376
0.630074
0.356576
0.656664
0.330218
0.68277
0.304383
0.708313
0.279151
0.733215
0.254599
0.757398
0.230804
0.780787
0.207838
0.803312
0.185772
0.824901
0.164675
0.84549
0.144611
0.865014
0.125642
0.883413
0.107827
0.90063
0.0912206
0.916613
0.0758736
0.931313
0.0618335
0.944683
0.0491436
0.956683
0.0378431
0.967275
0.0279668
0.976428
0.019545
0.984112
0.0126037
0.990305
0.0071644
0.994987
0.00324376
0.998143
0.000853888
0.999765
2.14974e-06
0.999846
0.000691169
0.998387
0.00291882
0.995392
0.00667824
0.990871
0.0119579
0.984837
0.0187414
0.977309
0.0270079
0.96831
0.036732
0.957869
0.0478836
0.946016
0.0604285
0.932789
0.0743279
0.918228
0.089539
0.902378
0.106015
0.885288
0.123705
0.867012
0.142555
0.847604
0.162506
0.827125
0.183497
0.805638
0.205463
0.783209
0.228337
0.759907
0.252048
0.735805
0.276524
0.710976
0.301688
0.685496
0.327463
0.659446
0.353769
0.632903
0.380526
0.605952
0.407652
0.578673
0.435062
0.551153
0.462672
0.523474
0.490397
0.495724
0.518152
0.467986
0.545851
0.440348
0.573408
0.412893
0.60074
0.385706
0.62776
0.358872
0.654388
0.332472
0.680539
0.306589
0.706134
0.281302
0.731094
0.256688
0.755342
0.232825
0.778803
0.209785
0.801404
0.187639
0.823077
0.166455
0.843755
0.1463
0.863373
0.127234
0.881871
0.109317
0.899193
0.0926043
0.915285
0.0771467
0.930096
0.0629921
0.943583
0.0501841
0.955702
0.0387623
0.966418
0.0287618
0.975696
0.0202135
0.983508
0.0131436
0.98983
0.00757399
0.994643
0.00352179
0.997931
0.000999507
0.999685
1.49067e-05
0.9999
0.000571024
0.998573
0.00266615
0.995711
0.00629382
0.991321
0.0114429
0.985417
0.0180974
0.978017
0.0262369
0.969144
0.0358364
0.958825
0.0468662
0.947093
0.0592923
0.933983
0.0730765
0.919535
0.0881762
0.903795
0.104545
0.88681
0.122132
0.868634
0.140884
0.849321
0.160743
0.828932
0.181647
0.807529
0.203531
0.785179
0.22633
0.76195
0.249972
0.737914
0.274384
0.713144
0.299492
0.687718
0.325217
0.661713
0.351481
0.63521
0.378202
0.608291
0.405299
0.581037
0.432688
0.553534
0.460284
0.525866
0.488003
0.498118
0.515759
0.470377
0.543466
0.442726
0.571039
0.415252
0.598393
0.388039
0.625444
0.361171
0.652108
0.33473
0.678304
0.308799
0.70395
0.283458
0.728968
0.258783
0.75328
0.234852
0.776812
0.211738
0.79949
0.189512
0.821246
0.168243
0.842012
0.147996
0.861724
0.128834
0.880321
0.110816
0.897746
0.0939973
0.913946
0.0784294
0.92887
0.0641607
0.942473
0.051235
0.954712
0.0396921
0.965549
0.0295677
0.974953
0.020893
0.982892
0.0136947
0.989344
0.00799487
0.994287
0.00381121
0.997708
0.00115657
0.999595
3.91328e-05
0.999942
0.000462336
0.998749
0.00242488
0.996018
0.00592071
0.99176
0.0109391
0.985985
0.0174645
0.978714
0.0254768
0.969967
0.0349514
0.959772
0.0458591
0.94816
0.0581662
0.935167
0.0718349
0.920833
0.0868229
0.905203
0.103084
0.888323
0.120569
0.870247
0.139222
0.85103
0.158987
0.830732
0.179804
0.809414
0.201607
0.787143
0.224329
0.763987
0.247901
0.740017
0.27225
0.715308
0.2973
0.689936
0.322975
0.663978
0.349196
0.637514
0.375881
0.610627
0.402949
0.5834
0.430316
0.555915
0.457898
0.528257
0.485609
0.500513
0.513365
0.472767
0.541079
0.445105
0.568667
0.417613
0.596044
0.390374
0.623124
0.363473
0.649825
0.336992
0.676064
0.311014
0.701761
0.285619
0.726836
0.260884
0.751212
0.236885
0.774814
0.213698
0.797569
0.191393
0.819407
0.170039
0.840261
0.149701
0.860066
0.130443
0.878762
0.112324
0.896291
0.0953996
0.912598
0.0797219
0.927634
0.0653393
0.941352
0.0522961
0.953711
0.0406325
0.964671
0.0303844
0.974199
0.0215835
0.982266
0.0142569
0.988846
0.00842704
0.993921
0.00411202
0.997473
0.00132508
0.999492
7.48275e-05
0.999973
0.000365106
0.998912
0.00219502
0.996314
0.00555894
0.992187
0.0104465
0.986543
0.0168426
0.9794
0.0247276
0.970779
0.0340772
0.960708
0.0448625
0.949217
0.0570503
0.936341
0.0706031
0.922122
0.0854791
0.906601
0.101632
0.889827
0.119013
0.871852
0.137568
0.852732
0.15724
0.832524
0.177968
0.811292
0.199688
0.7891
0.222334
0.766018
0.245836
0.742115
0.27012
0.717467
0.295113
0.692149
0.320738
0.666238
0.346914
0.639815
0.373563
0.612962
0.400601
0.58576
0.427946
0.558294
0.455512
0.530648
0.483216
0.502908
0.510971
0.475159
0.538692
0.447486
0.566295
0.419976
0.593693
0.392712
0.620802
0.365778
0.647539
0.339258
0.673821
0.313234
0.699568
0.287785
0.7247
0.262989
0.749139
0.238925
0.77281
0.215665
0.795641
0.193281
0.817561
0.171842
0.838503
0.151414
0.858401
0.132061
0.877195
0.113841
0.894826
0.0968112
0.911241
0.081024
0.926388
0.0665278
0.940222
0.0533674
0.952699
0.0415834
0.963781
0.0312119
0.973434
0.022285
0.981628
0.0148302
0.988338
0.00887049
0.993543
0.0044242
0.997227
0.00150503
0.999379
0.00012199
0.999992
0.000279338
0.999064
0.00197659
0.996599
0.00520851
0.992603
0.00996515
0.987089
0.0162318
0.980074
0.0239893
0.97158
0.0332136
0.961633
0.0438763
0.950263
0.0559445
0.937506
0.0693811
0.9234
0.0841447
0.90799
0.10019
0.891322
0.117467
0.873449
0.135923
0.854425
0.155501
0.834309
0.17614
0.813162
0.197777
0.791051
0.220346
0.768042
0.243776
0.744208
0.267996
0.719621
0.292931
0.694357
0.318504
0.668495
0.344636
0.642113
0.371248
0.615293
0.398255
0.588118
0.425577
0.560671
0.453127
0.533038
0.480822
0.505303
0.508577
0.477551
0.536304
0.449868
0.56392
0.42234
0.591339
0.395052
0.618477
0.368086
0.645249
0.341528
0.671574
0.315457
0.69737
0.289955
0.722558
0.265101
0.74706
0.24097
0.7708
0.217638
0.793707
0.195175
0.815708
0.173652
0.836736
0.153135
0.856727
0.133686
0.875618
0.115367
0.893352
0.0982321
0.909874
0.0823357
0.925133
0.0677264
0.939081
0.0544491
0.951677
0.0425448
0.962881
0.0320501
0.972658
0.0229975
0.980979
0.0154147
0.987818
0.00932521
0.993154
0.00474774
0.996969
0.00169641
0.999254
0.000180619
1
0.000205033
0.999205
0.00176958
0.996872
0.00486944
0.993008
0.00949505
0.987624
0.0156322
0.980738
0.0232619
0.972371
0.0323607
0.962548
0.0429005
0.951299
0.0548489
0.93866
0.0681691
0.924669
0.0828199
0.90937
0.0987563
0.892809
0.115929
0.875037
0.134286
0.85611
0.153769
0.836086
0.174319
0.815025
0.195873
0.792994
0.218364
0.770061
0.241723
0.746295
0.265878
0.72177
0.290754
0.696561
0.316275
0.670747
0.342362
0.644407
0.368935
0.617622
0.395912
0.590474
0.423209
0.563048
0.450744
0.535427
0.47843
0.507697
0.506182
0.479943
0.533916
0.452252
0.561544
0.424707
0.588984
0.397394
0.616149
0.370398
0.642956
0.343801
0.669322
0.317685
0.695167
0.292131
0.720411
0.267217
0.744975
0.243021
0.768784
0.219617
0.791765
0.197077
0.813847
0.17547
0.834962
0.154864
0.855045
0.13532
0.874033
0.116901
0.891869
0.0996622
0.908498
0.083657
0.923867
0.0689348
0.937931
0.0555409
0.950645
0.0435166
0.96197
0.0328991
0.971872
0.0237208
0.980319
0.0160103
0.987287
0.00979118
0.992753
0.00508265
0.9967
0.00189923
0.999117
0.000250713
0.999996
0.000142192
0.999334
0.001574
0.997134
0.00454172
0.993401
0.0090362
0.988148
0.0150436
0.981391
0.0225454
0.97315
0.0315185
0.963452
0.0419353
0.952325
0.0537635
0.939804
0.0669669
0.925928
0.0815047
0.91074
0.0973321
0.894286
0.1144
0.876617
0.132657
0.857787
0.152045
0.837855
0.172506
0.816881
0.193976
0.794932
0.216389
0.772073
0.239675
0.748376
0.263764
0.723913
0.288581
0.698761
0.31405
0.672996
0.340091
0.646698
0.366626
0.619948
0.393571
0.592828
0.420844
0.565423
0.448361
0.537815
0.476037
0.510091
0.503787
0.482336
0.531526
0.454636
0.559167
0.427075
0.586626
0.399739
0.613818
0.372712
0.640659
0.346077
0.667067
0.319917
0.69296
0.294311
0.718259
0.26934
0.742885
0.245079
0.766762
0.221603
0.789817
0.198986
0.81198
0.177296
0.83318
0.1566
0.853355
0.136963
0.87244
0.118444
0.890378
0.101101
0.907112
0.0849878
0.922592
0.0701531
0.93677
0.056643
0.949602
0.044499
0.961049
0.0337587
0.971075
0.0244551
0.979649
0.016617
0.986745
0.0102684
0.992341
0.00542891
0.99642
0.00211347
0.998969
0.000332272
0.999981
9.0818e-05
0.999452
0.00138985
0.997384
0.00422536
0.993783
0.00858861
0.988661
0.0144662
0.982033
0.0218399
0.973919
0.0306871
0.964345
0.0409805
0.95334
0.0526884
0.940938
0.0657747
0.927178
0.080199
0.912101
0.095917
0.895754
0.11288
0.878187
0.131036
0.859456
0.150329
0.839616
0.1707
0.81873
0.192085
0.796862
0.21442
0.774079
0.237634
0.750451
0.261656
0.726052
0.286414
0.700956
0.311829
0.675241
0.337824
0.648986
0.364319
0.622271
0.391232
0.59518
0.41848
0.567796
0.44598
0.540203
0.473646
0.512486
0.501393
0.48473
0.529136
0.457021
0.556789
0.429445
0.584267
0.402086
0.611485
0.375029
0.63836
0.348358
0.664808
0.322153
0.690749
0.296496
0.716102
0.271467
0.740789
0.247142
0.764733
0.223596
0.787863
0.200901
0.810105
0.179129
0.831391
0.158345
0.851656
0.138614
0.870838
0.119996
0.888877
0.10255
0.905717
0.0863282
0.921308
0.0713813
0.9356
0.0577552
0.948549
0.0454918
0.960117
0.0346291
0.970266
0.0252004
0.978967
0.0172348
0.986192
0.0107568
0.991918
0.00578651
0.996128
0.00233913
0.99881
0.000425292
0.999955
5.09111e-05
0.999558
0.00121714
0.997623
0.00392038
0.994154
0.0081523
0.989162
0.0138999
0.982663
0.0211454
0.974677
0.0298665
0.965228
0.0400363
0.954345
0.0516235
0.942062
0.0645924
0.928417
0.078903
0.913452
0.0945113
0.897213
0.111369
0.87975
0.129424
0.861116
0.148622
0.84137
0.168902
0.820572
0.190202
0.798785
0.212457
0.776079
0.235598
0.752521
0.259554
0.728185
0.284251
0.703147
0.309612
0.677482
0.335561
0.65127
0.362016
0.624592
0.388896
0.59753
0.416119
0.570168
0.4436
0.542589
0.471255
0.514879
0.498998
0.487124
0.526745
0.459408
0.554409
0.431817
0.581905
0.404436
0.609149
0.37735
0.636057
0.350641
0.662546
0.324393
0.688533
0.298686
0.71394
0.273599
0.738687
0.24921
0.762699
0.225594
0.785901
0.202824
0.808223
0.180969
0.829594
0.160097
0.84995
0.140273
0.869227
0.121557
0.887367
0.104007
0.904313
0.0876781
0.920013
0.0726193
0.934419
0.0588775
0.947486
0.0464951
0.959174
0.0355101
0.969448
0.0259565
0.978274
0.0178636
0.985627
0.0112565
0.991483
0.00615546
0.995825
0.0025762
0.998639
0.000529771
0.999916
2.24724e-05
0.999653
0.00105587
0.99785
0.00362677
0.994513
0.00772727
0.989653
0.0133447
0.983283
0.0204618
0.975424
0.0290566
0.9661
0.0391026
0.95534
0.0505689
0.943176
0.0634201
0.929647
0.0776167
0.914794
0.0931148
0.898663
0.109867
0.881303
0.127821
0.862768
0.146922
0.843116
0.167111
0.822406
0.188326
0.800702
0.210501
0.778072
0.233569
0.754585
0.257457
0.730314
0.282093
0.705332
0.3074
0.679718
0.333301
0.653551
0.359716
0.62691
0.386562
0.599878
0.413759
0.572538
0.441221
0.544975
0.468864
0.517273
0.496603
0.489518
0.524353
0.461795
0.552028
0.43419
0.579542
0.406788
0.606811
0.379673
0.633751
0.352928
0.660279
0.326637
0.686313
0.30088
0.711773
0.275737
0.73658
0.251285
0.760658
0.227599
0.783933
0.204753
0.806333
0.182816
0.827789
0.161857
0.848235
0.14194
0.867608
0.123126
0.885848
0.105474
0.9029
0.0890374
0.918709
0.0738671
0.933228
0.06001
0.946413
0.0475087
0.958221
0.0364018
0.968618
0.0267235
0.97757
0.0185036
0.985051
0.0117674
0.991038
0.00653573
0.995511
0.00282469
0.998457
0.000645708
0.999867
5.50275e-06
0.999737
0.000906044
0.998067
0.00334456
0.994862
0.00731353
0.990132
0.0128007
0.983891
0.0197892
0.97616
0.0282575
0.966961
0.0381795
0.956324
0.0495246
0.94428
0.0622579
0.930867
0.07634
0.916126
0.0917277
0.900104
0.108374
0.882848
0.126226
0.864412
0.145231
0.844854
0.165328
0.824232
0.186457
0.802612
0.208552
0.780059
0.231545
0.756643
0.255366
0.732437
0.27994
0.707514
0.305193
0.681951
0.331045
0.655828
0.357419
0.629225
0.384231
0.602223
0.411401
0.574907
0.438843
0.547359
0.466474
0.519666
0.494209
0.491912
0.521961
0.464183
0.549645
0.436565
0.577177
0.409141
0.60447
0.381998
0.631442
0.355219
0.658009
0.328885
0.684089
0.303079
0.709601
0.27788
0.734468
0.253365
0.758612
0.229611
0.781959
0.206689
0.804437
0.184671
0.825977
0.163625
0.846513
0.143616
0.865981
0.124704
0.884321
0.10695
0.901477
0.0904061
0.917395
0.0751247
0.932028
0.0611526
0.945329
0.0485327
0.957258
0.0373041
0.967778
0.0275013
0.976856
0.0191545
0.984465
0.0122895
0.990581
0.00692732
0.995185
0.00308458
0.998263
0.0007731
0.999806
2.39475e-09
0.999809
0.000767669
0.998271
0.00307373
0.995198
0.00691109
0.9906
0.0122679
0.984489
0.0191277
0.976885
0.0274693
0.967812
0.037267
0.957297
0.0484907
0.945373
0.0611057
0.932077
0.0750731
0.917449
0.09035
0.901535
0.106889
0.884384
0.12464
0.866048
0.143547
0.846584
0.163553
0.826052
0.184595
0.804515
0.20661
0.78204
0.229528
0.758696
0.25328
0.734554
0.277792
0.70969
0.302989
0.68418
0.328793
0.658102
0.355125
0.631537
0.381903
0.604566
0.409045
0.577273
0.436467
0.549743
0.464086
0.522059
0.491814
0.494307
0.519568
0.466572
0.547262
0.438941
0.57481
0.411497
0.602127
0.384327
0.62913
0.357513
0.655735
0.331137
0.68186
0.305283
0.707425
0.280028
0.73235
0.255451
0.756559
0.231628
0.779978
0.208632
0.802534
0.186533
0.824158
0.165401
0.844783
0.145299
0.864345
0.126291
0.882785
0.108434
0.900045
0.0917842
0.916072
0.076392
0.930817
0.0623052
0.944235
0.0495671
0.956284
0.038217
0.966926
0.02829
0.97613
0.0198165
0.983867
0.0128227
0.990112
0.00733022
0.994848
0.00335587
0.998058
0.000911943
0.999734
5.9715e-06
0.999869
0.000640745
0.998465
0.00281431
0.995524
0.00651996
0.991056
0.0117463
0.985075
0.0184772
0.977599
0.0266919
0.968652
0.0363651
0.95826
0.0474671
0.946457
0.0599635
0.933277
0.0738159
0.918763
0.0889816
0.902957
0.105414
0.885911
0.123062
0.867675
0.141872
0.848306
0.161785
0.827863
0.182741
0.806411
0.204674
0.784014
0.227517
0.760742
0.2512
0.736666
0.27565
0.711861
0.300791
0.686404
0.326545
0.660372
0.352835
0.633845
0.379578
0.606907
0.406691
0.579639
0.434093
0.552125
0.461697
0.524451
0.48942
0.496701
0.517175
0.468962
0.544877
0.441318
0.572441
0.413855
0.599782
0.386658
0.626815
0.35981
0.653458
0.333393
0.679627
0.307491
0.705243
0.282181
0.730227
0.257543
0.754501
0.233652
0.777991
0.210581
0.800624
0.188403
0.822331
0.167184
0.843044
0.146991
0.862701
0.127886
0.88124
0.109928
0.898604
0.0931717
0.914739
0.0776691
0.929597
0.0634679
0.943131
0.0506118
0.955299
0.0391406
0.966065
0.0290895
0.975394
0.0204895
0.983258
0.0133672
0.989633
0.00774442
0.994499
0.00363855
0.997841
0.00106224
0.99965
2.34099e-05
0.999918
0.000525277
0.998646
0.00256629
0.995838
0.00614016
0.991501
0.0112359
0.98565
0.0178377
0.978303
0.0259254
0.969481
0.0354739
0.959213
0.0464539
0.94753
0.0588314
0.934467
0.0725685
0.920066
0.0876227
0.904371
0.103948
0.887429
0.121493
0.869293
0.140205
0.85002
0.160025
0.829668
0.180893
0.8083
0.202745
0.785981
0.225512
0.762782
0.249126
0.738773
0.273512
0.714028
0.298596
0.688624
0.324301
0.662638
0.350548
0.636151
0.377255
0.609245
0.40434
0.582002
0.43172
0.554506
0.45931
0.526842
0.487026
0.499096
0.514782
0.471352
0.542492
0.443697
0.570071
0.416215
0.597434
0.388991
0.624497
0.36211
0.651177
0.335653
0.67739
0.309703
0.703057
0.284339
0.728098
0.25964
0.752437
0.235681
0.775997
0.212537
0.798707
0.190279
0.820496
0.168975
0.841298
0.148691
0.861048
0.12949
0.879686
0.111431
0.897153
0.0945686
0.913397
0.0789558
0.928367
0.0646405
0.942017
0.0516668
0.954304
0.0400747
0.965192
0.0298998
0.974646
0.0211735
0.982638
0.0139228
0.989142
0.00816991
0.994139
0.00393262
0.997613
0.00122397
0.999554
5.23173e-05
0.999956
0.000421265
0.998817
0.00232968
0.99614
0.00577168
0.991935
0.0107367
0.986214
0.0172093
0.978995
0.0251697
0.9703
0.0345933
0.960155
0.045451
0.948593
0.0577095
0.935648
0.0713309
0.92136
0.0862732
0.905774
0.10249
0.888938
0.119933
0.870904
0.138546
0.851726
0.158273
0.831464
0.179054
0.810181
0.200823
0.787943
0.223514
0.764816
0.247057
0.740874
0.27138
0.71619
0.296407
0.690839
0.322061
0.664901
0.348264
0.638454
0.374935
0.61158
0.40199
0.584363
0.429348
0.556886
0.456924
0.529233
0.484632
0.501491
0.512388
0.473743
0.540105
0.446077
0.567699
0.418577
0.595084
0.391328
0.622177
0.364413
0.648892
0.337917
0.675149
0.31192
0.700866
0.286502
0.725965
0.261743
0.750367
0.237717
0.773997
0.2145
0.796783
0.192162
0.818655
0.170774
0.839544
0.150399
0.859388
0.131102
0.878123
0.112942
0.895694
0.0959747
0.912045
0.0802522
0.927127
0.0658232
0.940892
0.0527321
0.953299
0.0410193
0.964309
0.0307209
0.973888
0.0218685
0.982007
0.0144895
0.98864
0.00860669
0.993768
0.00423807
0.997374
0.00139715
0.999447
9.26929e-05
0.999982
0.000328714
0.998976
0.00210449
0.996432
0.00541454
0.992358
0.0102487
0.986767
0.016592
0.979676
0.0244249
0.971107
0.0337234
0.961087
0.0444587
0.949645
0.0565977
0.936818
0.0701031
0.922645
0.0849333
0.907169
0.101042
0.890439
0.118381
0.872505
0.136896
0.853424
0.156529
0.833253
0.177221
0.812056
0.198907
0.789897
0.221522
0.766845
0.244994
0.74297
0.269253
0.718347
0.294222
0.693051
0.319826
0.66716
0.345984
0.640753
0.372617
0.613913
0.399643
0.586723
0.426978
0.559264
0.454538
0.531624
0.482239
0.503885
0.509994
0.476135
0.537718
0.448458
0.565326
0.420941
0.592732
0.393666
0.619853
0.36672
0.646605
0.340184
0.672904
0.314141
0.698671
0.28867
0.723826
0.263851
0.748291
0.239759
0.771991
0.216469
0.794853
0.194053
0.816806
0.17258
0.837783
0.152115
0.857719
0.132723
0.876552
0.114463
0.894226
0.0973901
0.910684
0.0815582
0.925877
0.0670158
0.939758
0.0538077
0.952283
0.0419745
0.963415
0.0315527
0.973119
0.0225745
0.981364
0.0150674
0.988127
0.00905473
0.993385
0.00455489
0.997123
0.00158177
0.999329
0.000144536
0.999997
0.000247624
0.999123
0.00189071
0.996712
0.00506874
0.99277
0.00977191
0.987309
0.0159857
0.980347
0.0236911
0.971904
0.0328641
0.962008
0.0434767
0.950687
0.0554961
0.937978
0.0688852
0.923919
0.0836028
0.908554
0.0996036
0.89193
0.116838
0.874098
0.135253
0.855114
0.154793
0.835035
0.175396
0.813923
0.196999
0.791845
0.219536
0.768867
0.242937
0.74506
0.267131
0.720499
0.292042
0.695257
0.317594
0.669415
0.343708
0.64305
0.370303
0.616244
0.397298
0.58908
0.42461
0.561642
0.452154
0.534013
0.479846
0.50628
0.507599
0.478527
0.535329
0.450841
0.562951
0.423306
0.590378
0.396008
0.617527
0.369029
0.644313
0.342455
0.670655
0.316366
0.696471
0.290843
0.721682
0.265964
0.746209
0.241807
0.769978
0.218445
0.792915
0.195951
0.814949
0.174393
0.836013
0.153839
0.856041
0.134352
0.874972
0.115992
0.892748
0.0988147
0.909313
0.0828739
0.924617
0.0682184
0.938613
0.0548935
0.951257
0.0429402
0.96251
0.0323953
0.972339
0.0232914
0.980711
0.0156565
0.987603
0.00951404
0.992991
0.00488307
0.996861
0.00177782
0.999199
0.000207845
1
0.000177998
0.999259
0.00168837
0.99698
0.0047343
0.99317
0.0093064
0.987839
0.0153906
0.981006
0.0229681
0.97269
0.0320156
0.962918
0.0425053
0.951719
0.0544047
0.939128
0.0676772
0.925184
0.0822819
0.90993
0.0981739
0.893413
0.115304
0.875683
0.13362
0.856795
0.153064
0.836809
0.173578
0.815784
0.195098
0.793786
0.217557
0.770883
0.240886
0.747145
0.265014
0.722645
0.289867
0.69746
0.315366
0.671666
0.341435
0.645343
0.367992
0.618572
0.394956
0.591435
0.422244
0.564017
0.449771
0.536402
0.477453
0.508674
0.505205
0.48092
0.53294
0.453225
0.560574
0.425673
0.588022
0.398351
0.615198
0.371342
0.642019
0.34473
0.668402
0.318595
0.694267
0.29302
0.719533
0.268083
0.744122
0.24386
0.76796
0.220427
0.790971
0.197855
0.813086
0.176214
0.834236
0.155571
0.854356
0.13599
0.873384
0.11753
0.891262
0.100249
0.907933
0.0841991
0.923348
0.0694309
0.937458
0.0559895
0.950221
0.0439164
0.961595
0.0332486
0.971548
0.0240192
0.980047
0.0162566
0.987067
0.0099846
0.992586
0.00522261
0.996587
0.00198529
0.999058
0.000282619
0.999991
0.000119838
0.999384
0.00149745
0.997237
0.00441121
0.993558
0.00885215
0.988359
0.0148066
0.981654
0.0222561
0.973465
0.0311779
0.963818
0.0415443
0.952741
0.0533235
0.940268
0.0664791
0.926439
0.0809706
0.911296
0.0967534
0.894886
0.113779
0.877259
0.131994
0.858469
0.151344
0.838575
0.171768
0.817637
0.193203
0.79572
0.215584
0.772892
0.238841
0.749224
0.262903
0.724787
0.287696
0.699658
0.313143
0.673913
0.339165
0.647632
0.365684
0.620897
0.392616
0.593789
0.419879
0.566392
0.447389
0.53879
0.475061
0.511069
0.50281
0.483313
0.53055
0.455609
0.558196
0.428042
0.585663
0.400697
0.612866
0.373658
0.639721
0.347008
0.666146
0.320829
0.692058
0.295203
0.717379
0.270207
0.74203
0.24592
0.765935
0.222416
0.78902
0.199767
0.811215
0.178043
0.832451
0.157311
0.852662
0.137636
0.871787
0.119077
0.889766
0.101692
0.906544
0.0855338
0.922069
0.0706532
0.936294
0.0570957
0.949174
0.044903
0.96067
0.0341127
0.970746
0.024758
0.979372
0.0168678
0.98652
0.0104664
0.99217
0.00557351
0.996302
0.00220419
0.998906
0.000368856
0.999972
7.31439e-05
0.999497
0.00131797
0.997483
0.0040995
0.993936
0.00840916
0.988867
0.0142337
0.982291
0.0215551
0.97423
0.0303508
0.964707
0.0405938
0.953752
0.0522525
0.941398
0.0652909
0.927685
0.0796689
0.912653
0.0953421
0.89635
0.112262
0.878826
0.130377
0.860134
0.149631
0.840333
0.169965
0.819483
0.191316
0.797648
0.213618
0.774896
0.236802
0.751297
0.260798
0.726923
0.28553
0.701851
0.310924
0.676156
0.3369
0.649919
0.363379
0.623219
0.390278
0.59614
0.417516
0.568764
0.445008
0.541177
0.47267
0.513463
0.500415
0.485707
0.52816
0.457995
0.555817
0.430413
0.583303
0.403045
0.610532
0.375976
0.63742
0.349289
0.663885
0.323067
0.689845
0.29739
0.71522
0.272337
0.739931
0.247985
0.763904
0.224411
0.787063
0.201685
0.809337
0.179879
0.830658
0.159059
0.850961
0.13929
0.870182
0.120632
0.888262
0.103144
0.905145
0.086878
0.92078
0.0718854
0.935119
0.0582121
0.948117
0.0459001
0.959733
0.0349874
0.969934
0.0255077
0.978686
0.0174901
0.985962
0.0109594
0.991742
0.00593574
0.996006
0.00243452
0.998742
0.000466553
0.99994
3.79179e-05
0.999599
0.00114993
0.997717
0.00379916
0.994302
0.00797745
0.989364
0.0136719
0.982918
0.020865
0.974983
0.0295346
0.965585
0.0396539
0.954752
0.0511918
0.942518
0.0641127
0.92892
0.0783768
0.914001
0.0939402
0.897806
0.110755
0.880385
0.128769
0.861791
0.147927
0.842083
0.16817
0.821321
0.189435
0.799569
0.211658
0.776893
0.234769
0.753364
0.258698
0.729055
0.283369
0.704039
0.308709
0.678395
0.334638
0.652201
0.361077
0.625538
0.387943
0.598489
0.415155
0.571136
0.442629
0.543563
0.470279
0.515856
0.498021
0.488101
0.525768
0.460382
0.553437
0.432785
0.580941
0.405396
0.608195
0.378297
0.635116
0.351574
0.661621
0.325309
0.687627
0.299581
0.713056
0.274471
0.737828
0.250057
0.761867
0.226412
0.785099
0.20361
0.807452
0.181722
0.828858
0.160815
0.849251
0.140952
0.868568
0.122197
0.886748
0.104605
0.903737
0.0882318
0.919482
0.0731274
0.933934
0.0593385
0.947049
0.0469076
0.958787
0.0358728
0.96911
0.0262682
0.977988
0.0181235
0.985393
0.0114637
0.991303
0.00630931
0.995698
0.00267625
0.998566
0.00057571
0.999898
1.41606e-05
0.999689
0.000993331
0.99794
0.00351021
0.994657
0.00755703
0.98985
0.0131213
0.983533
0.020186
0.975726
0.0287291
0.966453
0.0387246
0.955743
0.0501414
0.943628
0.0629445
0.930146
0.0770944
0.915339
0.0925475
0.899252
0.109256
0.881935
0.127169
0.86344
0.146231
0.843826
0.166382
0.823152
0.187562
0.801483
0.209705
0.778884
0.232742
0.755426
0.256603
0.731181
0.281214
0.706223
0.306499
0.68063
0.33238
0.654481
0.358778
0.627855
0.385611
0.600835
0.412796
0.573505
0.44025
0.545948
0.467889
0.51825
0.495626
0.490495
0.523377
0.46277
0.551055
0.435159
0.578577
0.407748
0.605856
0.380622
0.632809
0.353863
0.659353
0.327554
0.685406
0.301777
0.710887
0.276611
0.735718
0.252133
0.759824
0.228419
0.783128
0.205542
0.80556
0.183573
0.827051
0.162578
0.847533
0.142623
0.866945
0.123769
0.885226
0.106075
0.90232
0.0895949
0.918174
0.0743792
0.93274
0.0604751
0.945972
0.0479254
0.957829
0.0367688
0.968276
0.0270396
0.97728
0.0187679
0.984813
0.0119791
0.990852
0.0066942
0.995379
0.00292939
0.998379
0.000696323
0.999843
1.87232e-06
0.999768
0.00084818
0.998152
0.00323264
0.995
0.0071479
0.990324
0.0125819
0.984137
0.0195179
0.976457
0.0279345
0.96731
0.0378058
0.956722
0.0491013
0.944727
0.0617864
0.931362
0.0758217
0.916668
0.0911642
0.900689
0.107767
0.883476
0.125578
0.865081
0.144542
0.845561
0.164603
0.824976
0.185696
0.80339
0.207758
0.780868
0.230721
0.757482
0.254514
0.733302
0.279063
0.708402
0.304293
0.682861
0.330126
0.656756
0.356482
0.630169
0.383281
0.60318
0.410439
0.575873
0.437873
0.548332
0.465499
0.520643
0.493231
0.492889
0.520984
0.465158
0.548673
0.437534
0.576211
0.410103
0.603514
0.382948
0.630499
0.356155
0.657081
0.329804
0.683179
0.303978
0.708713
0.278756
0.733604
0.254216
0.757775
0.230433
0.781151
0.207481
0.803661
0.18543
0.825236
0.164349
0.845808
0.144302
0.865314
0.125351
0.883695
0.107555
0.900893
0.0909675
0.916856
0.0756408
0.931535
0.0616218
0.944884
0.0489537
0.956861
0.0376755
0.967431
0.0278219
0.976561
0.0194234
0.984222
0.0125058
0.990391
0.0070904
0.995049
0.00319394
0.998181
0.000828389
0.999778
1.0535e-06
0.999835
0.000714479
0.998352
0.00296647
0.995333
0.00675008
0.990787
0.0120536
0.98473
0.0188608
0.977178
0.0271507
0.968156
0.0368976
0.957692
0.0480716
0.945817
0.0606382
0.932568
0.0745588
0.917986
0.0897903
0.902117
0.106286
0.885008
0.123995
0.866713
0.142862
0.847287
0.16283
0.826792
0.183837
0.80529
0.205819
0.782846
0.228707
0.759531
0.25243
0.735417
0.276917
0.710577
0.302091
0.685088
0.327875
0.659029
0.35419
0.632479
0.380954
0.605522
0.408084
0.578239
0.435498
0.550715
0.463111
0.523035
0.490837
0.495284
0.518591
0.467547
0.546289
0.439911
0.573843
0.412459
0.60117
0.385278
0.628186
0.35845
0.654806
0.332058
0.680949
0.306183
0.706535
0.280906
0.731484
0.256304
0.75572
0.232453
0.779168
0.209427
0.801755
0.187295
0.823413
0.166128
0.844074
0.145989
0.863675
0.126941
0.882155
0.109043
0.899458
0.0923494
0.915529
0.0769121
0.93032
0.0627785
0.943786
0.0499923
0.955883
0.0385927
0.966576
0.028615
0.975831
0.0200899
0.98362
0.0130436
0.989918
0.00749792
0.994707
0.00346988
0.997971
0.000971906
0.999701
1.17041e-05
0.999891
0.00059223
0.99854
0.0027117
0.995653
0.00636357
0.991239
0.0115366
0.985311
0.0182148
0.977888
0.0263777
0.968992
0.0360001
0.958651
0.0470523
0.946896
0.0595002
0.933764
0.0733056
0.919296
0.0884258
0.903535
0.104814
0.886531
0.122421
0.868336
0.14119
0.849006
0.161066
0.828601
0.181986
0.807183
0.203886
0.784818
0.226698
0.761575
0.250353
0.737527
0.274777
0.712746
0.299894
0.68731
0.325629
0.661297
0.351901
0.634787
0.378629
0.607861
0.405731
0.580603
0.433124
0.553097
0.460723
0.525427
0.488443
0.497679
0.516198
0.469937
0.543904
0.442289
0.571474
0.414818
0.598824
0.38761
0.625869
0.360748
0.652527
0.334315
0.678715
0.308393
0.704351
0.283061
0.729359
0.258398
0.753659
0.234479
0.777178
0.211379
0.799842
0.189168
0.821583
0.167914
0.842333
0.147684
0.862027
0.12854
0.880607
0.11054
0.898013
0.0937408
0.914193
0.0781931
0.929096
0.0639453
0.942677
0.0510412
0.954894
0.0395206
0.96571
0.0294189
0.97509
0.0207674
0.983006
0.0135926
0.989434
0.00791673
0.994353
0.00375721
0.99775
0.00112687
0.999612
3.38239e-05
0.999935
0.000481438
0.998717
0.00246833
0.995963
0.00598838
0.99168
0.0110307
0.985882
0.0175799
0.978587
0.0256156
0.969817
0.0351132
0.959599
0.0460433
0.947965
0.0583723
0.93495
0.0720622
0.920596
0.0870707
0.904945
0.103352
0.888046
0.120855
0.869952
0.139527
0.850717
0.159309
0.830402
0.180142
0.809069
0.20196
0.786783
0.224696
0.763613
0.248281
0.739631
0.272641
0.714911
0.297702
0.689529
0.323387
0.663562
0.349615
0.637091
0.376307
0.610198
0.403381
0.582966
0.430752
0.555478
0.458336
0.527818
0.486049
0.500073
0.513805
0.472328
0.541518
0.444668
0.569103
0.417179
0.596475
0.389945
0.62355
0.36305
0.650245
0.336577
0.676476
0.310607
0.702164
0.285221
0.727228
0.260497
0.751592
0.236512
0.775181
0.213338
0.797923
0.191047
0.819746
0.169708
0.840583
0.149388
0.860371
0.130147
0.879049
0.112047
0.896559
0.0951414
0.912846
0.0794838
0.927862
0.0651221
0.941559
0.0521004
0.953895
0.040459
0.964833
0.0302336
0.974338
0.0214559
0.982382
0.0141528
0.988939
0.00834683
0.993989
0.00405592
0.997517
0.00129328
0.999512
6.74124e-05
0.999968
0.000382104
0.998883
0.00223638
0.996261
0.00562453
0.992109
0.0105361
0.986441
0.016956
0.979274
0.0248644
0.970631
0.0342369
0.960537
0.0450447
0.949023
0.0572545
0.936127
0.0708286
0.921886
0.0857252
0.906345
0.101898
0.889552
0.119298
0.871558
0.137871
0.85242
0.15756
0.832195
0.178305
0.810947
0.20004
0.788741
0.2227
0.765645
0.246214
0.74173
0.270511
0.717071
0.295515
0.691742
0.321148
0.665823
0.347333
0.639393
0.373989
0.612533
0.401032
0.585326
0.428381
0.557857
0.45595
0.530209
0.483655
0.502468
0.511411
0.47472
0.539131
0.447049
0.56673
0.419542
0.594125
0.392282
0.621228
0.365354
0.647959
0.338842
0.674233
0.312826
0.699971
0.287386
0.725092
0.262602
0.74952
0.23855
0.773179
0.215303
0.795996
0.192933
0.817901
0.17151
0.838826
0.151099
0.858707
0.131763
0.877483
0.113562
0.895096
0.0965513
0.911491
0.0807841
0.926618
0.0663088
0.94043
0.0531699
0.952886
0.0414079
0.963945
0.0310591
0.973575
0.0221554
0.981746
0.0147241
0.988432
0.00878821
0.993613
0.00436601
0.997273
0.00147112
0.999401
0.000112469
0.999989
0.00029423
0.999037
0.00201585
0.996547
0.00527202
0.992527
0.0100527
0.98699
0.0163432
0.979951
0.0241241
0.971434
0.0333714
0.961464
0.0440566
0.950072
0.0561468
0.937293
0.0696048
0.923166
0.0843891
0.907736
0.100454
0.891049
0.11775
0.873157
0.136224
0.854115
0.155819
0.833981
0.176475
0.812819
0.198128
0.790693
0.220711
0.767671
0.244154
0.743824
0.268386
0.719226
0.293332
0.693952
0.318914
0.66808
0.345055
0.641691
0.371673
0.614865
0.398686
0.587685
0.426012
0.560235
0.453565
0.532599
0.481262
0.504863
0.509016
0.477112
0.536743
0.449431
0.564356
0.421906
0.591772
0.394622
0.618904
0.367662
0.64567
0.341111
0.671987
0.315048
0.697774
0.289556
0.722951
0.264713
0.747442
0.240594
0.77117
0.217275
0.794063
0.194827
0.816049
0.173319
0.837061
0.152818
0.857035
0.133387
0.875908
0.115086
0.893624
0.0979705
0.910126
0.0820941
0.925364
0.0675055
0.939292
0.0542497
0.951866
0.0423674
0.963047
0.0318954
0.972802
0.0228658
0.981099
0.0153065
0.987914
0.00924085
0.993226
0.00468747
0.997018
0.00166041
0.999278
0.000168992
0.999999
0.00021782
0.99918
0.00180674
0.996823
0.00493086
0.992934
0.00958054
0.987527
0.0157415
0.980617
0.0233947
0.972226
0.0325165
0.96238
0.0430789
0.95111
0.0550494
0.938449
0.0683909
0.924437
0.0830625
0.909117
0.0990189
0.892536
0.116211
0.874746
0.134586
0.855801
0.154086
0.83576
0.174653
0.814684
0.196222
0.792638
0.218727
0.76969
0.2421
0.745912
0.266266
0.721375
0.291153
0.696157
0.316684
0.670334
0.34278
0.643986
0.369359
0.617194
0.396342
0.590042
0.423644
0.562611
0.451181
0.534988
0.478869
0.507257
0.506622
0.479504
0.534354
0.451814
0.561981
0.424272
0.589416
0.396964
0.616576
0.369973
0.643377
0.343383
0.669736
0.317275
0.695572
0.291731
0.720805
0.266828
0.745358
0.242644
0.769155
0.219253
0.792122
0.196727
0.81419
0.175136
0.835289
0.154545
0.855354
0.13502
0.874325
0.116619
0.892142
0.0993989
0.908751
0.0834136
0.924101
0.0687121
0.938143
0.0553396
0.950835
0.0433374
0.962138
0.0327423
0.972017
0.0235872
0.980441
0.0159001
0.987385
0.00970476
0.992827
0.00502029
0.996751
0.00186112
0.999143
0.000236981
0.999998
0.000152874
0.999311
0.00160906
0.997086
0.00460105
0.99333
0.00911963
0.988053
0.0151509
0.981272
0.0226762
0.973008
0.0316724
0.963286
0.0421117
0.952137
0.0539621
0.939595
0.0671869
0.925698
0.0817455
0.910489
0.0975929
0.894015
0.11468
0.876327
0.132955
0.85748
0.152361
0.83753
0.172838
0.816541
0.194324
0.794576
0.216751
0.771704
0.240051
0.747994
0.264152
0.72352
0.28898
0.698357
0.314458
0.672583
0.340508
0.646278
0.367049
0.619521
0.394001
0.592396
0.421278
0.564987
0.448799
0.537377
0.476477
0.509652
0.504227
0.481897
0.531965
0.454198
0.559604
0.42664
0.587059
0.399308
0.614246
0.372287
0.641081
0.345659
0.667482
0.319507
0.693366
0.29391
0.718654
0.268949
0.743269
0.2447
0.767134
0.221238
0.790176
0.198635
0.812323
0.17696
0.833508
0.156281
0.853666
0.136661
0.872733
0.11816
0.890652
0.100836
0.907367
0.0847427
0.922827
0.0699286
0.936984
0.0564398
0.949794
0.0443178
0.961219
0.0336
0.971222
0.0243195
0.979773
0.0165047
0.986845
0.0101799
0.992418
0.00536447
0.996472
0.00207326
0.998997
0.000316434
0.999985
9.93934e-05
0.999431
0.00142281
0.997339
0.00428261
0.993714
0.00866997
0.988568
0.0145714
0.981916
0.0219687
0.973779
0.030839
0.964182
0.0411551
0.953155
0.0528851
0.940731
0.0659929
0.926949
0.0804381
0.911852
0.0961762
0.895485
0.113159
0.8779
0.131333
0.85915
0.150644
0.839293
0.171031
0.818391
0.192432
0.796508
0.214781
0.773711
0.238008
0.750071
0.262043
0.72566
0.286811
0.700553
0.312237
0.674829
0.33824
0.648566
0.364742
0.621845
0.391661
0.594749
0.418914
0.56736
0.446417
0.539764
0.474085
0.512046
0.501833
0.48429
0.529575
0.456583
0.557226
0.42901
0.5847
0.401655
0.611914
0.374604
0.638782
0.347938
0.665223
0.321742
0.691155
0.296095
0.716498
0.271076
0.741174
0.246762
0.765106
0.223229
0.788222
0.200549
0.810449
0.178791
0.83172
0.158024
0.851969
0.13831
0.871133
0.119711
0.889153
0.102283
0.905974
0.0860813
0.921544
0.071155
0.935815
0.0575501
0.948743
0.0453087
0.960289
0.0344684
0.970416
0.0250627
0.979093
0.0171205
0.986294
0.0106663
0.991996
0.00571999
0.996183
0.00229683
0.99884
0.000407349
0.99996
5.73804e-05
0.99954
0.001248
0.99758
0.00397554
0.994087
0.00823159
0.989071
0.014003
0.982548
0.0212721
0.974539
0.0300164
0.965067
0.0402089
0.954161
0.0518183
0.941857
0.0648088
0.92819
0.0791403
0.913205
0.0947688
0.896946
0.111646
0.879463
0.12972
0.860812
0.148935
0.841048
0.169231
0.820234
0.190547
0.798433
0.212817
0.775712
0.235972
0.752141
0.25994
0.727794
0.284648
0.702745
0.310019
0.677071
0.335976
0.650851
0.362439
0.624166
0.389325
0.597099
0.416552
0.569732
0.444037
0.542151
0.471694
0.51444
0.499438
0.486684
0.527184
0.458969
0.554846
0.431381
0.582339
0.404004
0.609578
0.376923
0.63648
0.350222
0.662961
0.323981
0.68894
0.298284
0.714337
0.273207
0.739073
0.24883
0.763073
0.225227
0.786262
0.20247
0.808569
0.18063
0.829925
0.159775
0.850264
0.139967
0.869524
0.12127
0.887645
0.103739
0.904572
0.0874294
0.920252
0.0723912
0.934637
0.0586706
0.947682
0.04631
0.959348
0.0353475
0.969599
0.0258168
0.978402
0.0177473
0.985732
0.0111639
0.991564
0.00608685
0.995882
0.00253181
0.998671
0.000509724
0.999924
2.68355e-05
0.999637
0.00108463
0.99781
0.00367984
0.994448
0.00780448
0.989563
0.0134458
0.98317
0.0205865
0.975288
0.0292045
0.965941
0.0392733
0.955158
0.0507618
0.942972
0.0636347
0.929422
0.0778522
0.914548
0.0933706
0.898397
0.110142
0.881018
0.128115
0.862465
0.147234
0.842796
0.167439
0.822069
0.18867
0.800351
0.21086
0.777706
0.233941
0.754207
0.257842
0.729923
0.282489
0.704931
0.307806
0.679308
0.333716
0.653132
0.360138
0.626484
0.386991
0.599447
0.414192
0.572103
0.441658
0.544537
0.469303
0.516833
0.497043
0.489078
0.524792
0.461356
0.552465
0.433754
0.579976
0.406356
0.607241
0.379246
0.634175
0.352508
0.660696
0.326225
0.686721
0.300477
0.712171
0.275344
0.736967
0.250904
0.761034
0.227231
0.784295
0.204398
0.806681
0.182477
0.828121
0.161533
0.848551
0.141633
0.867906
0.122838
0.886128
0.105204
0.90316
0.088787
0.918949
0.0736372
0.933448
0.0598012
0.946611
0.0473218
0.958397
0.0362372
0.968771
0.0265818
0.977701
0.0183852
0.985158
0.0116727
0.99112
0.00646504
0.995569
0.0027782
0.998491
0.000623557
0.999877
7.75951e-06
0.999722
0.000932702
0.998028
0.00339553
0.994799
0.00738867
0.990045
0.0128998
0.983781
0.0199119
0.976026
0.0284035
0.966804
0.0383483
0.956144
0.0497156
0.944078
0.0624706
0.930644
0.0765738
0.915882
0.0919818
0.89984
0.108647
0.882565
0.126518
0.864111
0.145541
0.844535
0.165655
0.823897
0.1868
0.802262
0.20891
0.779695
0.231917
0.756266
0.25575
0.732047
0.280335
0.707113
0.305598
0.681541
0.331459
0.65541
0.35784
0.6288
0.384659
0.601793
0.411834
0.574472
0.43928
0.546921
0.466913
0.519227
0.494648
0.491472
0.5224
0.463744
0.550083
0.436128
0.577611
0.408709
0.6049
0.381571
0.631866
0.354798
0.658426
0.328472
0.684497
0.302675
0.71
0.277486
0.734856
0.252983
0.758988
0.229241
0.782322
0.206333
0.804786
0.18433
0.826311
0.1633
0.84683
0.143307
0.86628
0.124414
0.884602
0.106678
0.901739
0.090154
0.917637
0.074893
0.932249
0.060942
0.945529
0.0483439
0.957435
0.0371376
0.967933
0.0273576
0.976988
0.0190341
0.984573
0.0121928
0.990665
0.00685455
0.995246
0.00303599
0.9983
0.000748846
0.999818
1.52773e-07
0.999796
0.000792223
0.998235
0.00312262
0.995137
0.00698415
0.990514
0.0123649
0.98438
0.0192484
0.976753
0.0276133
0.967657
0.0374338
0.957119
0.0486798
0.945173
0.0613165
0.931856
0.0753051
0.917207
0.0906023
0.901273
0.107161
0.884102
0.12493
0.865748
0.143856
0.846266
0.163878
0.825718
0.184937
0.804166
0.206966
0.781676
0.229898
0.758319
0.253663
0.734166
0.278186
0.709291
0.303394
0.683771
0.329207
0.657684
0.355546
0.631112
0.382331
0.604136
0.409478
0.576839
0.436904
0.549305
0.464524
0.521619
0.492254
0.493867
0.520008
0.466133
0.5477
0.438504
0.575245
0.411064
0.602558
0.383899
0.629555
0.357091
0.656153
0.330724
0.68227
0.304878
0.707825
0.279633
0.732739
0.255068
0.756937
0.231257
0.780342
0.208274
0.802884
0.186191
0.824493
0.165074
0.845101
0.14499
0.864646
0.125999
0.883068
0.108161
0.900308
0.0915304
0.916316
0.0761586
0.93104
0.0620927
0.944437
0.0493764
0.956463
0.0380486
0.967083
0.0281443
0.976264
0.0196941
0.983977
0.012724
0.990199
0.00725538
0.99491
0.00330519
0.998097
0.000885586
0.999748
4.01549e-06
0.999859
0.000663197
0.99843
0.0028611
0.995465
0.00659095
0.990973
0.0118412
0.984968
0.0185958
0.977469
0.0268339
0.968499
0.03653
0.958084
0.0476543
0.946259
0.0601725
0.933058
0.0740461
0.918522
0.0892322
0.902697
0.105684
0.885631
0.123351
0.867376
0.142179
0.84799
0.162109
0.827531
0.183081
0.806063
0.205029
0.783652
0.227886
0.760366
0.251582
0.736279
0.276043
0.711463
0.301194
0.685996
0.326958
0.659955
0.353255
0.633422
0.380004
0.606477
0.407124
0.579204
0.434529
0.551688
0.462136
0.524011
0.48986
0.496261
0.517615
0.468523
0.545315
0.440881
0.572876
0.413422
0.600213
0.386229
0.627241
0.359388
0.653876
0.332979
0.680038
0.307085
0.705644
0.281785
0.730617
0.257158
0.754879
0.233279
0.778356
0.210223
0.800975
0.188059
0.822667
0.166856
0.843364
0.14668
0.863003
0.127593
0.881524
0.109653
0.898869
0.0929162
0.914985
0.0774338
0.929822
0.0632536
0.943334
0.0504192
0.955481
0.0389702
0.966224
0.0289418
0.97553
0.0203651
0.98337
0.0132664
0.989722
0.0076675
0.994564
0.00358578
0.997882
0.00103378
0.999666
1.93476e-05
0.99991
0.000545624
0.998614
0.00261098
0.995781
0.00620906
0.99142
0.0113288
0.985546
0.0179543
0.978174
0.0260653
0.96933
0.0356368
0.959039
0.0466392
0.947333
0.0590386
0.93425
0.0727969
0.919828
0.0878716
0.904112
0.104216
0.887151
0.121781
0.868997
0.14051
0.849706
0.160348
0.829337
0.181232
0.807953
0.203099
0.785621
0.22588
0.762408
0.249506
0.738387
0.273904
0.713631
0.298999
0.688216
0.324713
0.662222
0.350968
0.635728
0.377681
0.608816
0.404772
0.581568
0.432155
0.554069
0.459748
0.526403
0.487466
0.498656
0.515221
0.470913
0.54293
0.44326
0.570506
0.415782
0.597866
0.388563
0.624923
0.361687
0.651596
0.335238
0.677801
0.309296
0.703459
0.283942
0.72849
0.259254
0.752816
0.235308
0.776364
0.212177
0.79906
0.189934
0.820834
0.168646
0.84162
0.148379
0.861352
0.129195
0.879972
0.111154
0.89742
0.0943113
0.913644
0.0787188
0.928594
0.0644244
0.942222
0.0514723
0.954488
0.0399023
0.965353
0.0297502
0.974784
0.0210471
0.982752
0.0138199
0.989233
0.00809092
0.994206
0.00387776
0.997656
0.00119341
0.999573
4.61487e-05
0.99995
0.000439508
0.998786
0.00237228
0.996086
0.0058385
0.991856
0.0108275
0.986112
0.0173239
0.978869
0.0253077
0.97015
0.0347542
0.959983
0.0456344
0.948398
0.0579148
0.935432
0.0715574
0.921123
0.0865204
0.905517
0.102757
0.888662
0.120219
0.870608
0.13885
0.851413
0.158594
0.831135
0.179391
0.809836
0.201175
0.787583
0.223881
0.764443
0.247437
0.740489
0.271771
0.715793
0.296809
0.690433
0.322472
0.664485
0.348683
0.638031
0.375361
0.611152
0.402422
0.58393
0.429784
0.556449
0.457362
0.528794
0.485072
0.501051
0.512827
0.473304
0.540544
0.44564
0.568135
0.418143
0.595516
0.390898
0.622603
0.36399
0.649312
0.337501
0.675561
0.311512
0.701269
0.286105
0.726357
0.261356
0.750747
0.237343
0.774365
0.214139
0.797137
0.191816
0.818993
0.170443
0.839867
0.150085
0.859693
0.130806
0.878411
0.112664
0.895963
0.0957158
0.912294
0.0800134
0.927355
0.0656053
0.941099
0.0525357
0.953484
0.040845
0.964472
0.0305693
0.974028
0.0217401
0.982123
0.0143846
0.988733
0.00852563
0.993837
0.00418112
0.997419
0.00136449
0.999468
8.44182e-05
0.999978
0.000344852
0.998947
0.00214499
0.996379
0.00547928
0.992281
0.0103374
0.986667
0.0167045
0.979552
0.0245609
0.97096
0.0338823
0.960916
0.0446401
0.949453
0.0568011
0.936604
0.0703279
0.922409
0.0851786
0.906914
0.101308
0.890164
0.118665
0.872212
0.137198
0.853113
0.156849
0.832925
0.177557
0.811712
0.199259
0.789539
0.221887
0.766473
0.245373
0.742586
0.269643
0.717951
0.294623
0.692645
0.320236
0.666745
0.346403
0.640331
0.373043
0.613485
0.400074
0.586289
0.427414
0.558828
0.454976
0.531185
0.482678
0.503446
0.510433
0.475696
0.538156
0.448021
0.565762
0.420506
0.593164
0.393237
0.62028
0.366296
0.647025
0.339767
0.673317
0.313732
0.699075
0.288272
0.724219
0.263463
0.748673
0.239383
0.77236
0.216107
0.795208
0.193705
0.817146
0.172248
0.838107
0.1518
0.858026
0.132425
0.876841
0.114183
0.894496
0.0971295
0.910935
0.0813177
0.926107
0.0667961
0.939967
0.0536094
0.95247
0.0417983
0.96358
0.0313992
0.973261
0.022444
0.981483
0.0149605
0.988222
0.0089716
0.993456
0.00449585
0.99717
0.001547
0.999352
0.000134155
0.999995
0.000261657
0.999097
0.00192912
0.996661
0.00513139
0.992695
0.00985862
0.98721
0.0160962
0.980224
0.023825
0.971759
0.0330211
0.961839
0.0436563
0.950497
0.0556976
0.937766
0.0691081
0.923686
0.0838464
0.908301
0.0998671
0.891657
0.117121
0.873806
0.135554
0.854804
0.155111
0.834708
0.17573
0.813581
0.197349
0.791488
0.2199
0.768496
0.243315
0.744677
0.26752
0.720104
0.292442
0.694852
0.318003
0.669001
0.344126
0.642628
0.370728
0.615816
0.397729
0.588647
0.425045
0.561205
0.452592
0.533574
0.480285
0.50584
0.508039
0.478088
0.535768
0.450403
0.563387
0.422872
0.59081
0.395577
0.617954
0.368605
0.644734
0.342038
0.671069
0.315957
0.696876
0.290443
0.722076
0.265576
0.746592
0.24143
0.770348
0.218082
0.793271
0.195602
0.815291
0.17406
0.836339
0.153522
0.85635
0.134052
0.875263
0.11571
0.89302
0.0985524
0.909566
0.0826315
0.92485
0.0679968
0.938824
0.0546933
0.951446
0.0427621
0.962677
0.0322398
0.972483
0.0231589
0.980832
0.0155475
0.9877
0.00942885
0.993065
0.00482195
0.99691
0.00174095
0.999224
0.000195359
1
0.000189926
0.999235
0.00172467
0.996932
0.00479487
0.993097
0.00939105
0.987743
0.0154991
0.980886
0.0231001
0.972547
0.0321707
0.962752
0.0426829
0.95153
0