0.261881
0.226802
0.998333
0.298549
0.193544
0.993342
0.33656
0.16233
0.985062
0.375661
0.133367
0.973547
0.415592
0.10685
0.958873
0.456085
0.0829547
0.94114
0.496871
0.0618404
0.920465
0.537678
0.0436481
0.896986
0.578233
0.0284991
0.870859
0.618267
0.0164945
0.842259
0.657512
0.00771419
0.811377
0.695707
0.00221688
0.778418
0.732597
3.91683e-05
0.743603
0.767935
0.00119559
0.707163
0.801487
0.00567842
0.669341
0.833028
0.0134578
0.630391
0.862349
0.0244818
0.59057
0.889252
0.0386769
0.550146
0.91356
0.0559485
0.509387
0.93511
0.0761814
0.468566
0.953759
0.0992406
0.427954
0.969381
0.124972
0.387823
0.981873
0.153205
0.34844
0.991152
0.183751
0.310067
0.997155
0.216405
0.272961
0.999843
0.250951
0.23737
0.999198
0.287157
0.203529
0.995223
0.324783
0.171666
0.987946
0.363578
0.141992
0.977415
0.403282
0.114706
0.9637
0.443631
0.0899894
0.946893
0.484356
0.0680069
0.927106
0.525186
0.0489053
0.90447
0.565847
0.0328119
0.879137
0.60607
0.0198341
0.851276
0.645585
0.0100585
0.821072
0.684129
0.00355011
0.788727
0.721445
0.000352478
0.754456
0.757284
0.000486881
0.718489
0.791408
0.00395243
0.681064
0.823588
0.010726
0.642432
0.853611
0.0207624
0.602851
0.881275
0.0339948
0.562583
0.906397
0.0503349
0.521898
0.928808
0.0696736
0.481067
0.94836
0.0918822
0.440362
0.964922
0.116812
0.400055
0.978383
0.144298
0.360414
0.988654
0.174156
0.321704
0.995667
0.206186
0.284183
0.999373
0.240176
0.248102
0.99975
0.275899
0.2137
0.996794
0.313116
0.181208
0.990525
0.35158
0.150841
0.980985
0.391033
0.122804
0.968237
0.431213
0.097281
0.952366
0.471852
0.0744441
0.933479
0.512678
0.0544451
0.911701
0.55342
0.0374175
0.887178
0.593806
0.0234747
0.860072
0.633566
0.0127098
0.830566
0.672435
0.00519446
0.798855
0.710154
0.0009789
0.76515
0.746472
9.1203e-05
0.729678
0.781146
0.00253729
0.692674
0.813946
0.00830084
0.654385
0.844652
0.0173434
0.615066
0.873059
0.0296047
0.57498
0.898978
0.045003
0.534395
0.922237
0.0634356
0.493579
0.94268
0.0847795
0.452807
0.960171
0.108892
0.412349
0.974593
0.135614
0.372476
0.98585
0.164765
0.333453
0.993867
0.196151
0.295541
0.998591
0.229565
0.258992
0.999989
0.264781
0.224051
0.998053
0.301566
0.19095
0.992796
0.339675
0.159909
0.984253
0.378852
0.131137
0.97248
0.418838
0.104825
0.957556
0.459365
0.081148
0.939581
0.500162
0.0602642
0.918675
0.540959
0.0423129
0.894976
0.581483
0.0274139
0.868643
0.621463
0.0156664
0.839852
0.660633
0.00714888
0.808795
0.698732
0.00191804
0.775678
0.735506
8.80202e-06
0.740723
0.770709
0.00143389
0.704163
0.804106
0.00618381
0.666241
0.835476
0.0142269
0.62721
0.864609
0.0255095
0.587331
0.89131
0.0399563
0.54687
0.915401
0.0574711
0.506096
0.936723
0.077937
0.465281
0.955132
0.101218
0.424698
0.970505
0.127158
0.384618
0.982741
0.155584
0.345306
0.991758
0.186307
0.307026
0.997495
0.219122
0.270034
0.999915
0.25381
0.234574
0.999001
0.290141
0.200885
0.994759
0.32787
0.169191
0.987217
0.366747
0.139702
0.976427
0.406514
0.112617
0.962459
0.446903
0.0881143
0.945407
0.487647
0.0663588
0.925385
0.528473
0.0474952
0.902526
0.569109
0.0316493
0.876983
0.609284
0.0189266
0.848926
0.64873
0.00941216
0.818542
0.687185
0.00316932
0.786033
0.724391
0.000239729
0.751617
0.760101
0.000642933
0.715523
0.794077
0.00437624
0.677992
0.826091
0.0114148
0.639274
0.85593
0.0217115
0.599627
0.883396
0.0351979
0.559316
0.908305
0.051784
0.518609
0.930492
0.071359
0.477778
0.949807
0.0937927
0.437095
0.966123
0.118935
0.396832
0.97933
0.146619
0.357256
0.989341
0.176659
0.318633
0.996088
0.208856
0.281219
0.999527
0.242994
0.245264
0.999635
0.278846
0.211008
0.996411
0.316173
0.178679
0.989877
0.354726
0.148493
0.980075
0.394248
0.120651
0.967072
0.434475
0.0953388
0.950955
0.475139
0.0727252
0.931829
0.515968
0.0529611
0.909825
0.556692
0.0361781
0.885087
0.597037
0.0224883
0.857781
0.636735
0.0119829
0.828089
0.675521
0.00473194
0.796209
0.713137
0.000783841
0.762354
0.749331
0.000164904
0.726749
0.783862
0.00287926
0.689632
0.816501
0.0089088
0.651251
0.847029
0.0182133
0.611861
0.875242
0.0307308
0.571724
0.900954
0.0463777
0.53111
0.923991
0.0650497
0.490288
0.944201
0.0866223
0.449531
0.961448
0.110952
0.40911
0.975619
0.137875
0.369296
0.986617
0.167214
0.330353
0.99437
0.198772
0.292541
0.998827
0.232339
0.256113
0.999957
0.267691
0.221312
0.997752
0.304592
0.188369
0.992229
0.342796
0.157504
0.983423
0.382048
0.128923
0.971393
0.422088
0.102817
0.956219
0.462646
0.0793594
0.938003
0.503454
0.0587071
0.916866
0.544239
0.0409976
0.892949
0.584729
0.0263492
0.866412
0.624653
0.0148594
0.837431
0.663747
0.00660493
0.806199
0.701748
0.00164079
0.772926
0.738404
1.05527e-07
0.737833
0.77347
0.00169381
0.701153
0.806713
0.0067106
0.663133
0.83791
0.015017
0.624024
0.866853
0.0265577
0.584088
0.89335
0.0412557
0.543592
0.917224
0.0590129
0.502804
0.938316
0.079711
0.461998
0.956485
0.103212
0.421446
0.971609
0.129359
0.381417
0.983588
0.157978
0.342179
0.992343
0.188877
0.303994
0.997814
0.221852
0.267116
0.999965
0.256681
0.23179
0.998782
0.293133
0.198254
0.994273
0.330964
0.16673
0.986467
0.369923
0.137428
0.975418
0.409749
0.110544
0.961198
0.450177
0.0862571
0.943902
0.490938
0.0647296
0.923646
0.531758
0.0461048
0.900565
0.572367
0.0305069
0.874813
0.612494
0.01804
0.846561
0.65187
0.00878712
0.815998
0.690233
0.00281005
0.783327
0.727328
0.000148641
0.748767
0.762907
0.000820627
0.712549
0.796732
0.00482153
0.674912
0.828579
0.0121247
0.63611
0.858234
0.0226813
0.596399
0.885501
0.0364211
0.556046
0.910196
0.0532525
0.515319
0.932157
0.073063
0.47449
0.951235
0.0957208
0.433831
0.967304
0.121075
0.393613
0.980256
0.148955
0.354105
0.990006
0.179177
0.315569
0.996488
0.211538
0.278264
0.99966
0.245823
0.242437
0.999499
0.281803
0.208328
0.996007
0.319238
0.176164
0.989207
0.357879
0.14616
0.979145
0.397467
0.118515
0.965887
0.437739
0.0934142
0.949523
0.478427
0.0710249
0.930161
0.519258
0.0514964
0.90793
0.559961
0.0349588
0.882979
0.600264
0.0215226
0.855474
0.639898
0.0112771
0.825598
0.678599
0.00429089
0.793551
0.71611
0.000610417
0.759546
0.752179
0.000260268
0.723811
0.786566
0.00324277
0.686582
0.819042
0.00953804
0.64811
0.849391
0.0191041
0.60865
0.87741
0.0318771
0.568465
0.902911
0.047772
0.527824
0.925726
0.0666826
0.486997
0.945702
0.088483
0.446257
0.962706
0.113028
0.405875
0.976624
0.140153
0.366121
0.987363
0.169678
0.32726
0.994852
0.201406
0.289551
0.999041
0.235125
0.253245
0.999902
0.270611
0.218585
0.99743
0.307626
0.185801
0.99164
0.345924
0.155113
0.982572
0.38525
0.126725
0.970285
0.425341
0.100826
0.954862
0.46593
0.077589
0.936406
0.506746
0.0571691
0.915039
0.547517
0.0397022
0.890905
0.587971
0.025305
0.864164
0.627838
0.0140734
0.834994
0.666853
0.00608236
0.803591
0.704756
0.00138514
0.770162
0.741292
1.30792e-05
0.734932
0.77622
0.00197532
0.698136
0.809306
0.00725877
0.660018
0.840329
0.0158282
0.620833
0.869082
0.0276265
0.580842
0.895374
0.0425749
0.540312
0.919029
0.0605738
0.499513
0.93989
0.0815031
0.458717
0.957818
0.105223
0.418197
0.972692
0.131576
0.378222
0.984414
0.160386
0.339059
0.992906
0.191461
0.30097
0.99811
0.224593
0.264208
0.999993
0.259562
0.229018
0.998541
0.296134
0.195636
0.993765
0.334066
0.164283
0.985696
0.373104
0.135169
0.974388
0.412989
0.108488
0.959916
0.453454
0.0844179
0.942378
0.494229
0.0631192
0.921889
0.535043
0.044734
0.898586
0.575623
0.0293849
0.872626
0.615699
0.0171742
0.844181
0.655003
0.00818336
0.81344
0.693273
0.00247234
0.780609
0.730255
7.92163e-05
0.745907
0.765701
0.00101996
0.709565
0.799375
0.00528828
0.671825
0.831053
0.0128557
0.632939
0.860523
0.0236718
0.593167
0.887589
0.0376645
0.552774
0.91207
0.0547403
0.512029
0.933803
0.0747855
0.471203
0.952643
0.0976664
0.43057
0.968464
0.12323
0.390399
0.981162
0.151307
0.350959
0.99065
0.181709
0.312514
0.996867
0.214233
0.275318
0.99977
0.248663
0.239621
0.99934
0.28477
0.205661
0.995581
0.322311
0.173663
0.988516
0.361038
0.143842
0.978194
0.400691
0.116395
0.964682
0.441007
0.0915072
0.948072
0.481716
0.0693432
0.928474
0.522547
0.0500512
0.906018
0.563227
0.0337597
0.880854
0.603486
0.0205776
0.853151
0.643055
0.0105926
0.823093
0.68167
0.00387132
0.79088
0.719073
0.000458638
0.756727
0.755015
0.00037729
0.720862
0.789257
0.00362782
0.683525
0.82157
0.0101885
0.644963
0.851738
0.0200157
0.605435
0.879561
0.0330438
0.565203
0.904852
0.0491859
0.524537
0.927443
0.0683344
0.483707
0.947184
0.0903616
0.442986
0.963943
0.115121
0.402645
0.977608
0.142446
0.362953
0.988088
0.172156
0.324175
0.995313
0.204053
0.28657
0.999234
0.237923
0.250388
0.999827
0.27354
0.21587
0.997086
0.310668
0.183248
0.99103
0.349059
0.152737
0.9817
0.388456
0.124543
0.969157
0.428597
0.0988524
0.953486
0.469214
0.075837
0.93479
0.510037
0.0556502
0.913195
0.550792
0.0384267
0.888844
0.591209
0.0242814
0.861901
0.631018
0.0133085
0.832543
0.669953
0.0055812
0.800969
0.707754
0.00115111
0.767387
0.74417
4.77224e-05
0.732022
0.778958
0.00227841
0.695109
0.811885
0.0078283
0.656896
0.842733
0.0166604
0.617636
0.871295
0.0287157
0.577592
0.89738
0.043914
0.53703
0.920816
0.0621537
0.496221
0.941446
0.0833134
0.455438
0.959131
0.107252
0.414951
0.973755
0.13381
0.375032
0.985219
0.162809
0.335946
0.993448
0.194058
0.297955
0.998385
0.227346
0.26131
1
0.262453
0.226258
0.998279
0.299144
0.193031
0.993236
0.337174
0.161851
0.984904
0.376291
0.132926
0.973338
0.416232
0.106449
0.958615
0.456732
0.0825967
0.940834
0.49752
0.0615278
0.920113
0.538325
0.043383
0.89659
0.578875
0.0282833
0.870423
0.618898
0.0163294
0.841785
0.658129
0.00760092
0.810869
0.696305
0.00215619
0.777878
0.733172
3.14583e-05
0.743035
0.768484
0.00124091
0.706571
0.802005
0.00577648
0.66873
0.833513
0.0136079
0.629763
0.862796
0.024683
0.589931
0.88966
0.0389279
0.549499
0.913925
0.0562475
0.508738
0.93543
0.0765264
0.467917
0.954031
0.0996294
0.427311
0.969605
0.125402
0.38719
0.982046
0.153673
0.347821
0.991273
0.184254
0.309466
0.997224
0.21694
0.272383
0.999859
0.251514
0.236817
0.999161
0.287745
0.203006
0.995133
0.325392
0.171176
0.987804
0.364203
0.141539
0.977222
0.40392
0.114292
0.963457
0.444277
0.0896179
0.946602
0.485006
0.0676801
0.926768
0.525835
0.0486254
0.904088
0.566491
0.0325808
0.878713
0.606704
0.0196534
0.850813
0.646206
0.00992922
0.820574
0.684733
0.00347325
0.788196
0.722027
0.000328508
0.753897
0.757841
0.000515967
0.717904
0.791936
0.00403437
0.680459
0.824083
0.0108603
0.64181
0.85407
0.0209481
0.602215
0.881695
0.0342307
0.561938
0.906775
0.0506193
0.521249
0.929142
0.0700048
0.480417
0.948647
0.0922579
0.439717
0.96516
0.11723
0.399418
0.978572
0.144755
0.35979
0.988791
0.174649
0.321097
0.995751
0.206712
0.283598
0.999406
0.240732
0.247541
0.999729
0.27648
0.213168
0.99672
0.313719
0.180708
0.990399
0.3522
0.150377
0.980807
0.391667
0.122377
0.968009
0.431857
0.0968962
0.952089
0.4725
0.0741034
0.933155
0.513328
0.0541507
0.911332
0.554066
0.0371713
0.886767
0.594444
0.0232784
0.859621
0.634192
0.0125646
0.830078
0.673045
0.00510147
0.798333
0.710744
0.000938686
0.764599
0.747037
0.000104034
0.729101
0.781683
0.00260308
0.692074
0.814451
0.00841915
0.653767
0.845122
0.0175135
0.614434
0.873491
0.0298254
0.574338
0.89937
0.0452728
0.533746
0.922585
0.0637527
0.49293
0.942982
0.0851418
0.45216
0.960425
0.109298
0.411709
0.974797
0.136059
0.371848
0.986003
0.165247
0.332841
0.993968
0.196668
0.294948
0.998639
0.230111
0.258423
0.999984
0.265355
0.223509
0.997996
0.302163
0.190439
0.992686
0.34029
0.159433
0.984091
0.379483
0.130699
0.972267
0.419479
0.104427
0.957294
0.460012
0.0807935
0.939271
0.500812
0.0599554
0.918319
0.541607
0.0420518
0.894577
0.582124
0.0272021
0.868204
0.622093
0.0155055
0.839376
0.661248
0.00703983
0.808284
0.699328
0.00186161
0.775136
0.736078
5.36906e-06
0.740153
0.771255
0.00148348
0.703569
0.804622
0.00628609
0.665628
0.835958
0.0143812
0.626582
0.865053
0.0257147
0.586691
0.891714
0.0402112
0.546223
0.915763
0.0577739
0.505446
0.937039
0.0782857
0.464633
0.9554
0.10161
0.424056
0.970725
0.127591
0.383985
0.98291
0.156055
0.344688
0.991875
0.186813
0.306427
0.99756
0.21966
0.269457
0.999926
0.254376
0.234024
0.998959
0.29073
0.200365
0.994664
0.32848
0.168704
0.987071
0.367374
0.139252
0.976229
0.407152
0.112206
0.962212
0.447549
0.0877463
0.945112
0.488296
0.0660358
0.925043
0.529121
0.0472192
0.902141
0.569752
0.0314222
0.876556
0.609918
0.01875
0.84846
0.649351
0.00928711
0.818041
0.687787
0.0030967
0.7855
0.724972
0.000220035
0.751056
0.760656
0.000676291
0.714937
0.794602
0.00446243
0.677385
0.826583
0.0115532
0.63865
0.856386
0.0219013
0.59899
0.883813
0.0354378
0.558671
0.90868
0.0520723
0.51796
0.930822
0.0716939
0.477129
0.95009
0.0941718
0.43645
0.966358
0.119356
0.396196
0.979515
0.147079
0.356634
0.989474
0.177155
0.318028
0.996169
0.209384
0.280635
0.999555
0.243552
0.244705
0.99961
0.279429
0.210478
0.996333
0.316778
0.178181
0.989746
0.355348
0.148031
0.979893
0.394883
0.120228
0.96684
0.435119
0.0949575
0.950674
0.475788
0.0723882
0.931502
0.516618
0.0526704
0.909452
0.557337
0.0359359
0.884672
0.597674
0.022296
0.857327
0.63736
0.0118419
0.827598
0.676129
0.00464319
0.795685
0.713724
0.000747897
0.761801
0.749894
0.000182011
0.72617
0.784397
0.0029493
0.689031
0.817004
0.00903131
0.650631
0.847496
0.0183875
0.611227
0.875671
0.0309554
0.571081
0.901341
0.0466513
0.530461
0.924335
0.0653705
0.489638
0.944499
0.0869881
0.448885
0.961698
0.11136
0.408471
0.975819
0.138324
0.368669
0.986766
0.167699
0.329742
0.994467
0.199291
0.29195
0.998871
0.232888
0.255546
0.999948
0.268266
0.220773
0.997691
0.30519
0.187861
0.992114
0.343413
0.157031
0.983256
0.38268
0.128488
0.971176
0.422729
0.102423
0.955953
0.463294
0.0790085
0.937689
0.504104
0.058402
0.916507
0.544886
0.0407404
0.892547
0.585369
0.0261415
0.865969
0.625282
0.0147026
0.836951
0.66436
0.00650009
0.805685
0.702342
0.00158862
0.772382
0.738975
9.49741e-07
0.737261
0.774014
0.00174766
0.700559
0.807226
0.0068171
0.662518
0.838388
0.0151755
0.623394
0.867294
0.026767
0.583448
0.893751
0.0415145
0.542944
0.917582
0.0593195
0.502155
0.938628
0.0800633
0.461351
0.956749
0.103608
0.420804
0.971824
0.129795
0.380786
0.983753
0.158452
0.341563
0.992455
0.189386
0.303396
0.997874
0.222392
0.266541
0.999972
0.257249
0.231242
0.998736
0.293724
0.197736
0.994174
0.331576
0.166245
0.986317
0.37055
0.136981
0.975216
0.410388
0.110137
0.960946
0.450824
0.0858927
0.943603
0.491587
0.0644103
0.923301
0.532407
0.0458327
0.900176
0.57301
0.0302838
0.874382
0.613127
0.0178674
0.846092
0.652489
0.00866626
0.815494
0.690834
0.00274169
0.782792
0.727907
0.000133222
0.748204
0.763459
0.000858256
0.71196
0.797255
0.00491196
0.674304
0.829068
0.0122673
0.635484
0.858687
0.0228752
0.595762
0.885914
0.036665
0.5554
0.910568
0.0535446
0.51467
0.932483
0.0734015
0.473841
0.951514
0.0961034
0.433187
0.967534
0.121499
0.392978
0.980437
0.149418
0.353483
0.990135
0.179676
0.314966
0.996565
0.212069
0.277682
0.999683
0.246383
0.24188
0.999469
0.282388
0.207801
0.995924
0.319844
0.175669
0.989072
0.358502
0.145701
0.978959
0.398103
0.118095
0.965651
0.438384
0.0930364
0.949238
0.479076
0.0706915
0.929829
0.519907
0.0512096
0.907554
0.560606
0.0347206
0.882561
0.6009
0.0213344
0.855017
0.640522
0.0111403
0.825105
0.679206
0.00420637
0.793025
0.716695
0.000578745
0.758991
0.752739
0.00028165
0.723229
0.787098
0.00331707
0.68598
0.819542
0.00966475
0.647489
0.849855
0.0192824
0.608016
0.877835
0.0321058
0.567822
0.903296
0.0480495
0.527175
0.926067
0.0670072
0.486348
0.945996
0.0888524
0.445611
0.962952
0.113439
0.405237
0.976819
0.140604
0.365496
0.987508
0.170166
0.326651
0.994945
0.201927
0.288962
0.999081
0.235676
0.25268
0.999889
0.271188
0.218048
0.997364
0.308226
0.185296
0.991521
0.346542
0.154643
0.982401
0.385882
0.126293
0.970064
0.425983
0.100435
0.954592
0.466578
0.0772418
0.936089
0.507395
0.0568678
0.914677
0.548163
0.0394489
0.8905
0.58861
0.0251013
0.863718
0.628466
0.0139208
0.834512
0.667466
0.00598175
0.803074
0.705348
0.00133724
0.769615
0.741861
1.82005e-05
0.734359
0.776761
0.00203343
0.697539
0.809816
0.00736949
0.659402
0.840804
0.0159908
0.620202
0.86952
0.0278398
0.5802
0.895771
0.0428376
0.539664
0.919383
0.0608841
0.498863
0.940199
0.081859
0.45807
0.958079
0.105622
0.417556
0.972903
0.132016
0.377592
0.984575
0.160863
0.338444
0.993014
0.191972
0.300374
0.998166
0.225135
0.263635
0.999996
0.260132
0.228472
0.998491
0.296727
0.195121
0.993662
0.334679
0.163802
0.985541
0.373733
0.134725
0.974182
0.413629
0.108084
0.959661
0.454101
0.084057
0.942074
0.494879
0.0628036
0.92154
0.535691
0.0444658
0.898194
0.576265
0.0291659
0.872192
0.61633
0.0170058
0.843709
0.65562
0.00806671
0.812933
0.693872
0.00240823
0.780071
0.730831
6.80737e-05
0.745341
0.766251
0.00106185
0.708975
0.799895
0.00538294
0.671215
0.83154
0.0130025
0.632313
0.860973
0.0238698
0.592529
0.887999
0.0379123
0.552128
0.912437
0.0550363
0.511379
0.934125
0.0751277
0.470554
0.952918
0.0980525
0.429926
0.968691
0.123658
0.389765
0.981338
0.151773
0.350339
0.990775
0.18221
0.311912
0.996939
0.214767
0.274738
0.999789
0.249225
0.239067
0.999307
0.285356
0.205136
0.995494
0.322919
0.173171
0.988377
0.361662
0.143386
0.978004
0.401328
0.115979
0.964442
0.441652
0.0911329
0.947783
0.482365
0.0690135
0.928138
0.523196
0.0497682
0.905638
0.563872
0.0335254
0.880433
0.604122
0.0203935
0.852691
0.643677
0.01046
0.822597
0.682275
0.00379104
0.790351
0.719657
0.000431238
0.756169
0.755574
0.000402947
0.720279
0.789787
0.00370636
0.68292
0.822067
0.0103194
0.644341
0.852199
0.0201981
0.604799
0.879983
0.0332764
0.564559
0.905233
0.0494673
0.523888
0.92778
0.0686626
0.483058
0.947475
0.0907344
0.44234
0.964185
0.115536
0.402007
0.9778
0.142901
0.362328
0.988228
0.172647
0.323567
0.995401
0.204577
0.285982
0.99927
0.238476
0.249825
0.999809
0.27412
0.215336
0.997015
0.31127
0.182745
0.990907
0.349678
0.15227
0.981525
0.389089
0.124114
0.968932
0.42924
0.0984649
0.953212
0.469863
0.0754934
0.934469
0.510686
0.0553527
0.912829
0.551439
0.0381774
0.888435
0.591848
0.0240818
0.861452
0.631645
0.01316
0.832058
0.670563
0.00548482
0.800449
0.708345
0.00110747
0.766837
0.744737
5.71206e-05
0.731446
0.779497
0.00234078
0.694511
0.812393
0.00794323
0.656279
0.843205
0.0168271
0.617004
0.871729
0.0289331
0.57695
0.897774
0.0441806
0.536382
0.921167
0.0624678
0.495571
0.94175
0.0836729
0.454791
0.959388
0.107654
0.414311
0.973962
0.134252
0.374403
0.985375
0.163289
0.335333
0.993552
0.194572
0.297361
0.998437
0.227891
0.26074
0.999998
0.263025
0.225714
0.998225
0.299739
0.192518
0.993129
0.337789
0.161373
0.984745
0.37692
0.132485
0.973128
0.416873
0.106049
0.958356
0.457379
0.0822393
0.940527
0.49817
0.0612159
0.91976
0.538973
0.0431187
0.896194
0.579516
0.0280683
0.869986
0.619529
0.0161651
0.841311
0.658745
0.00748849
0.810359
0.696902
0.00209633
0.777338
0.733746
2.45925e-05
0.742467
0.769032
0.00128708
0.70598
0.802523
0.00587537
0.668118
0.833996
0.0137589
0.629136
0.863243
0.024885
0.589292
0.890067
0.0391796
0.548853
0.914289
0.0565473
0.508088
0.935749
0.0768722
0.467269
0.954303
0.100019
0.426669
0.969827
0.125833
0.386557
0.982219
0.154142
0.347202
0.991394
0.184758
0.308866
0.997292
0.217476
0.271804
0.999874
0.252078
0.236265
0.999123
0.288334
0.202484
0.995043
0.326001
0.170687
0.987661
0.364828
0.141086
0.977028
0.404557
0.113879
0.963213
0.444922
0.0892471
0.946309
0.485655
0.0673541
0.926429
0.526483
0.0483463
0.903705
0.567135
0.0323505
0.878289
0.607339
0.0194734
0.85035
0.646827
0.0098008
0.820075
0.685336
0.00339722
0.787665
0.722609
0.000305383
0.753337
0.758398
0.000545897
0.717319
0.792463
0.00411716
0.679853
0.824578
0.0109954
0.641186
0.854528
0.0211346
0.601579
0.882114
0.0344673
0.561293
0.907152
0.0509046
0.5206
0.929475
0.0703367
0.479768
0.948934
0.0926342
0.439072
0.965398
0.117648
0.398782
0.978759
0.145212
0.359167
0.988928
0.175142
0.320491
0.995836
0.207239
0.283012
0.999437
0.241287
0.24698
0.999707
0.277061
0.212636
0.996645
0.314322
0.180208
0.990272
0.352821
0.149913
0.980628
0.392302
0.121952
0.96778
0.4325
0.0965122
0.951811
0.473149
0.0737634
0.93283
0.513977
0.053857
0.910963
0.554712
0.0369258
0.886354
0.595082
0.0230828
0.85917
0.634817
0.0124203
0.82959
0.673654
0.00500932
0.797812
0.711333
0.000899316
0.764048
0.747602
0.000117708
0.728523
0.78222
0.00266971
0.691474
0.814956
0.00853829
0.653148
0.845592
0.0176843
0.613801
0.873923
0.0300468
0.573696
0.89976
0.0455433
0.533098
0.922932
0.0640705
0.49228
0.943283
0.0855048
0.451513
0.960677
0.109703
0.41107
0.975
0.136505
0.37122
0.986155
0.16573
0.332228
0.994068
0.197184
0.294356
0.998686
0.230658
0.257855
0.999979
0.265928
0.222968
0.997937
0.30276
0.189929
0.992575
0.340906
0.158958
0.983928
0.380113
0.130261
0.972053
0.42012
0.10403
0.957031
0.46066
0.0804397
0.93896
0.501462
0.0596472
0.917963
0.542254
0.0417914
0.894178
0.582764
0.0269912
0.867764
0.622723
0.0153454
0.838898
0.661863
0.0069316
0.807772
0.699924
0.00180602
0.774593
0.736651
2.78032e-06
0.739583
0.7718
0.00153391
0.702976
0.805137
0.00638921
0.665015
0.836439
0.0145363
0.625953
0.865497
0.0259208
0.586051
0.892117
0.0404669
0.545576
0.916123
0.0580774
0.504797
0.937354
0.0786351
0.463985
0.955668
0.102003
0.423414
0.970943
0.128025
0.383354
0.983078
0.156527
0.344071
0.991991
0.18732
0.305828
0.997624
0.220198
0.26888
0.999937
0.254942
0.233474
0.998917
0.291321
0.199845
0.994569
0.329091
0.168217
0.986924
0.368
0.138802
0.976031
0.40779
0.111796
0.961964
0.448195
0.0873791
0.944815
0.488946
0.0657135
0.924701
0.52977
0.046944
0.901754
0.570395
0.0311959
0.876128
0.610552
0.0185741
0.847994
0.649971
0.00916288
0.817539
0.688389
0.00302492
0.784967
0.725552
0.000201184
0.750494
0.76121
0.000710493
0.71435
0.795126
0.00454945
0.676777
0.827075
0.0116925
0.638026
0.856842
0.0220919
0.598353
0.884229
0.0356784
0.558025
0.909054
0.0523613
0.51731
0.931151
0.0720295
0.47648
0.950373
0.0945517
0.435806
0.966591
0.119778
0.39556
0.979698
0.147539
0.356011
0.989606
0.177652
0.317423
0.996249
0.209913
0.280051
0.999582
0.24411
0.244147
0.999584
0.280012
0.209949
0.996254
0.317382
0.177685
0.989615
0.35597
0.14757
0.97971
0.395518
0.119806
0.966607
0.435763
0.094577
0.950392
0.476437
0.0720518
0.931173
0.517267
0.0523806
0.909079
0.557982
0.0356944
0.884257
0.598311
0.0221046
0.856872
0.637984
0.0117018
0.827107
0.676737
0.00455527
0.795161
0.714311
0.000712796
0.761247
0.750456
0.000199961
0.72559
0.784931
0.00302018
0.688429
0.817506
0.00915465
0.650012
0.847963
0.0185625
0.610594
0.8761
0.0311809
0.570438
0.901729
0.0469257
0.529813
0.924678
0.0656921
0.488989
0.944796
0.0873547
0.448238
0.961947
0.111769
0.407833
0.976018
0.138773
0.368042
0.986914
0.168185
0.329131
0.994563
0.19981
0.29136
0.998914
0.233437
0.25498
0.999938
0.268842
0.220234
0.997628
0.305789
0.187354
0.991999
0.34403
0.156558
0.983089
0.383312
0.128053
0.970958
0.423371
0.102029
0.955686
0.463942
0.0786584
0.937375
0.504753
0.0580976
0.916147
0.545533
0.0404839
0.892144
0.586009
0.0259345
0.865526
0.625911
0.0145466
0.836471
0.664974
0.00639609
0.805171
0.702936
0.0015373
0.771836
0.739545
2.63817e-06
0.736689
0.774557
0.00180235
0.699963
0.807738
0.00692444
0.661904
0.838866
0.0153347
0.622765
0.867735
0.0269772
0.582807
0.894151
0.0417741
0.542297
0.917939
0.0596268
0.501505
0.93894
0.0804163
0.460703
0.957013
0.104004
0.420163
0.972039
0.130232
0.380155
0.983917
0.158927
0.340947
0.992567
0.189895
0.302799
0.997933
0.222932
0.265967
0.999979
0.257817
0.230695
0.99869
0.294316
0.197219
0.994075
0.332188
0.165762
0.986165
0.371178
0.136534
0.975014
0.411028
0.10973
0.960694
0.45147
0.0855289
0.943303
0.492237
0.0640917
0.922955
0.533055
0.0455613
0.899786
0.573653
0.0300616
0.873951
0.613759
0.0176957
0.845623
0.653107
0.00854624
0.81499
0.691434
0.00267416
0.782256
0.728485
0.000118647
0.747639
0.764011
0.000896729
0.711372
0.797777
0.00500322
0.673694
0.829557
0.0124107
0.634859
0.85914
0.0230699
0.595124
0.886327
0.0369096
0.554755
0.910938
0.0538375
0.51402
0.932809
0.0737408
0.473192
0.951793
0.0964867
0.432543
0.967764
0.121924
0.392344
0.980616
0.149882
0.352862
0.990263
0.180175
0.314362
0.99664
0.212601
0.2771
0.999706
0.246943
0.241324
0.999439
0.282973
0.207274
0.995841
0.320451
0.175175
0.988937
0.359125
0.145243
0.978772
0.398739
0.117676
0.965414
0.439029
0.0926593
0.948953
0.479725
0.0703588
0.929497
0.520556
0.0509236
0.907177
0.561251
0.0344831
0.882142
0.601536
0.021147
0.854559
0.641145
0.0110044
0.824611
0.679812
0.00412269
0.792498
0.717281
0.000547916
0.758435
0.7533
0.000303876
0.722648
0.78763
0.0033922
0.685376
0.820042
0.00979229
0.646868
0.850319
0.0194615
0.607381
0.878261
0.0323353
0.567178
0.90368
0.0483278
0.526527
0.926406
0.0673324
0.485698
0.94629
0.0892224
0.444965
0.963197
0.113852
0.4046
0.977015
0.141056
0.36487
0.987652
0.170655
0.326041
0.995036
0.202449
0.288373
0.99912
0.236228
0.252116
0.999875
0.271766
0.217512
0.997297
0.308826
0.184792
0.991402
0.347161
0.154174
0.98223
0.386515
0.125862
0.969842
0.426626
0.100045
0.954321
0.467226
0.0768952
0.93577
0.508045
0.0565672
0.914313
0.54881
0.0391963
0.890094
0.58925
0.0248985
0.863272
0.629094
0.0137689
0.834028
0.668078
0.00588197
0.802557
0.70594
0.00129018
0.769068
0.74243
2.4166e-05
0.733784
0.777302
0.00209239
0.696942
0.810326
0.00748104
0.658786
0.841279
0.0161542
0.619571
0.869957
0.028054
0.579559
0.896168
0.0431011
0.539016
0.919737
0.0611952
0.498213
0.940507
0.0822156
0.457422
0.958339
0.106022
0.416915
0.973114
0.132456
0.376962
0.984734
0.161341
0.33783
0.993122
0.192484
0.299779
0.998221
0.225678
0.263063
0.999998
0.260702
0.227927
0.998441
0.297321
0.194606
0.993559
0.335292
0.163321
0.985386
0.374361
0.134282
0.973976
0.414269
0.107681
0.959405
0.454748
0.0836968
0.941771
0.495528
0.0624887
0.92119
0.536339
0.0441984
0.897801
0.576907
0.0289476
0.871758
0.616962
0.0168382
0.843237
0.656238
0.0079509
0.812426
0.694471
0.00234496
0.779533
0.731408
5.77753e-05
0.744775
0.766801
0.0011046
0.708384
0.800415
0.00547844
0.670604
0.832026
0.0131501
0.631686
0.861422
0.0240685
0.59189
0.888408
0.0381608
0.551482
0.912804
0.055333
0.51073
0.934447
0.0754706
0.469906
0.953193
0.0984392
0.429283
0.968917
0.124086
0.389132
0.981513
0.152239
0.34972
0.990899
0.182712
0.31131
0.997011
0.2153
0.274158
0.999808
0.249788
0.238513
0.999272
0.285943
0.204611
0.995407
0.323527
0.17268
0.988238
0.362287
0.142931
0.977813
0.401965
0.115563
0.964201
0.442297
0.0907592
0.947494
0.483014
0.0686844
0.927802
0.523845
0.049486
0.905258
0.564516
0.0332919
0.880011
0.604757
0.0202103
0.85223
0.6443
0.0103282
0.8221
0.68288
0.00371161
0.789822
0.72024
0.000404682
0.755611
0.756132
0.000429447
0.719696
0.790316
0.00378574
0.682315
0.822564
0.0104512
0.643719
0.85266
0.0203813
0.604164
0.880405
0.0335099
0.563915
0.905613
0.0497494
0.523239
0.928116
0.0689916
0.482408
0.947764
0.091108
0.441695
0.964426
0.115951
0.40137
0.977991
0.143356
0.361704
0.988368
0.173138
0.322959
0.995488
0.205101
0.285395
0.999304
0.23903
0.249263
0.999791
0.2747
0.214802
0.996944
0.311872
0.182243
0.990783
0.350298
0.151804
0.98135
0.389723
0.123686
0.968706
0.429883
0.0980781
0.952937
0.470511
0.0751504
0.934147
0.511336
0.055056
0.912462
0.552085
0.0379288
0.888026
0.592486
0.023883
0.861003
0.632271
0.0130123
0.831572
0.671174
0.00538927
0.79993
0.708935
0.00106467
0.766288
0.745303
6.7363e-05
0.73087
0.780035
0.002404
0.693912
0.8129
0.00805899
0.655661
0.843678
0.0169946
0.616372
0.872164
0.0291513
0.576308
0.898168
0.044448
0.535734
0.921516
0.0627827
0.494922
0.942054
0.084033
0.454144
0.959644
0.108057
0.413671
0.974169
0.134696
0.373774
0.985531
0.16377
0.33472
0.993656
0.195086
0.296767
0.998488
0.228436
0.260169
0.999996
0.263597
0.225171
0.99817
0.300335
0.192006
0.993022
0.338404
0.160895
0.984585
0.37755
0.132045
0.972917
0.417513
0.105649
0.958096
0.458027
0.0818827
0.940219
0.49882
0.0609048
0.919407
0.539621
0.0428551
0.895798
0.580158
0.0278541
0.869549
0.62016
0.0160016
0.840836
0.659361
0.00737688
0.80985
0.697499
0.00203732
0.776797
0.73432
1.85708e-05
0.741899
0.769579
0.00133408
0.705387
0.80304
0.00597509
0.667506
0.83448
0.0139106
0.628508
0.863689
0.0250878
0.588653
0.890473
0.0394321
0.548206
0.914653
0.0568478
0.507438
0.936067
0.0772187
0.466621
0.954574
0.100409
0.426026
0.970049
0.126264
0.385924
0.98239
0.154612
0.346583
0.991513
0.185263
0.308266
0.997359
0.218013
0.271226
0.999888
0.252643
0.235713
0.999084
0.288923
0.201962
0.994951
0.32661
0.170198
0.987517
0.365454
0.140634
0.976832
0.405195
0.113467
0.962968
0.445568
0.0888769
0.946016
0.486305
0.0670288
0.926089
0.527132
0.048068
0.903321
0.567779
0.032121
0.877864
0.607974
0.0192943
0.849886
0.647448
0.0096732
0.819575
0.685939
0.00332203
0.787133
0.723191
0.000283101
0.752777
0.758954
0.00057667
0.716734
0.79299
0.00420078
0.679246
0.825072
0.0111313
0.640563
0.854986
0.0213219
0.600942
0.882533
0.0347048
0.560649
0.907529
0.0511906
0.51995
0.929807
0.0706694
0.479119
0.949219
0.0930113
0.438427
0.965635
0.118067
0.398146
0.978946
0.14567
0.358543
0.989063
0.175636
0.319885
0.995919
0.207766
0.282427
0.999467
0.241843
0.24642
0.999685
0.277643
0.212105
0.99657
0.314925
0.179709
0.990144
0.353442
0.149449
0.980449
0.392936
0.121527
0.96755
0.433144
0.0961288
0.951533
0.473798
0.0734241
0.932505
0.514626
0.053564
0.910592
0.555357
0.0366812
0.885942
0.595719
0.0228881
0.858717
0.635443
0.0122768
0.829101
0.674263
0.004918
0.79729
0.711921
0.000860787
0.763496
0.748166
0.000132227
0.727945
0.782756
0.00273718
0.690874
0.81546
0.00865826
0.65253
0.846061
0.017856
0.613169
0.874354
0.030269
0.573053
0.90015
0.0458146
0.53245
0.923278
0.0643891
0.49163
0.943583
0.0858685
0.450867
0.96093
0.11011
0.410431
0.975203
0.136951
0.370592
0.986307
0.166213
0.331616
0.994168
0.197702
0.293764
0.998733
0.231206
0.257286
0.999973
0.266503
0.222428
0.997878
0.303357
0.18942
0.992463
0.341522
0.158483
0.983764
0.380744
0.129824
0.971839
0.420762
0.103634
0.956767
0.461308
0.0800867
0.938649
0.502112
0.0593399
0.917606
0.542901
0.0415317
0.893778
0.583405
0.026781
0.867324
0.623353
0.015186
0.83842
0.662478
0.00682421
0.80726
0.700519
0.00175127
0.77405
0.737223
1.03578e-06
0.739013
0.772345
0.00158519
0.702382
0.805651
0.00649316
0.664401
0.836919
0.0146922
0.625324
0.86594
0.0261277
0.585411
0.89252
0.0407233
0.544929
0.916483
0.0583817
0.504147
0.937668
0.0789852
0.463337
0.955935
0.102396
0.422772
0.971161
0.128459
0.382722
0.983245
0.156999
0.343454
0.992107
0.187827
0.30523
0.997686
0.220737
0.268305
0.999947
0.255509
0.232924
0.998874
0.291911
0.199325
0.994473
0.329701
0.167732
0.986776
0.368627
0.138354
0.975832
0.408429
0.111387
0.961715
0.448842
0.0870125
0.944518
0.489595
0.0653919
0.924358
0.530418
0.0466695
0.901367
0.571039
0.0309704
0.8757
0.611185
0.0183991
0.847527
0.65059
0.00903948
0.817037
0.688991
0.00295399
0.784432
0.726131
0.000183178
0.749931
0.761764
0.000745538
0.713763
0.795651
0.00463732
0.676169
0.827566
0.0118326
0.637401
0.857296
0.0222833
0.597716
0.884644
0.0359198
0.55738
0.909427
0.0526512
0.516661
0.93148
0.0723658
0.475831
0.950655
0.0949322
0.435162
0.966825
0.1202
0.394925
0.979881
0.148
0.355389
0.989737
0.178148
0.316818
0.996328
0.210443
0.279468
0.999608
0.244668
0.243589
0.999557
0.280596
0.20942
0.996174
0.317987
0.177188
0.989483
0.356592
0.147109
0.979527
0.396154
0.119384
0.966373
0.436408
0.0941971
0.950109
0.477086
0.0717162
0.930844
0.517916
0.0520915
0.908705
0.558628
0.0354537
0.883841
0.598948
0.0219139
0.856417
0.638608
0.0115624
0.826616
0.677345
0.00446819
0.794637
0.714898
0.000678538
0.760693
0.751018
0.000218756
0.72501
0.785465
0.0030919
0.687827
0.818007
0.00927882
0.649392
0.848429
0.0187383
0.60996
0.876528
0.0314071
0.569795
0.902115
0.0472009
0.529164
